$ RRTM_SW runscript created on 2021-07-20 12:23:04.858760                       
                   0                             1                                1     98   12   00
            151   77.4304    0 1370.0000   0.00000
           1  00.010
    0        74         0    7    1    1     0.000                       410.000     0.000
     0.000    49.440
     0.000     0.170     0.310     0.560     0.810     1.050     1.300     1.550
     1.800     2.050     2.300     2.550     2.800     3.050     3.300     3.550
     3.800     4.050     4.300     4.550     4.800     5.050     5.290     5.540
     5.790     6.040     6.290     6.540     6.790     7.040     7.290     7.540
     7.790     8.040     8.290     8.540     8.790     9.040     9.290     9.540
     9.780    10.030    10.280    10.530    10.780    11.030    11.280    11.530
    11.780    12.030    12.280    12.530    12.780    12.790    12.820    12.860
    12.890    12.920    12.950    12.980    13.010    13.570    14.770    16.230
    18.580    20.810    24.220    26.940    31.650    34.160    36.620    40.500
    43.730    49.440
   74                        
 0.000E+00 1.025E+03   270.892     AA   H444444
 1.000E+02 0.000E+00 0.000E+00 0.000E+00 0.000E+00 0.000E+00 0.000E+00
 1.700E-01 1.004E+03   270.106     AA   H444444
 8.716E+01 0.000E+00 0.000E+00 0.000E+00 0.000E+00 0.000E+00 0.000E+00
 3.100E-01 9.865E+02   271.907     AA   H444444
 6.239E+01 0.000E+00 0.000E+00 0.000E+00 0.000E+00 0.000E+00 0.000E+00
 5.600E-01 9.564E+02   276.411     AA   H444444
 2.841E+01 0.000E+00 0.000E+00 0.000E+00 0.000E+00 0.000E+00 0.000E+00
 8.100E-01 9.274E+02   277.163     AA   H444444
 1.938E+01 0.000E+00 0.000E+00 0.000E+00 0.000E+00 0.000E+00 0.000E+00
 1.050E+00 8.993E+02   276.577     AA   H444444
 1.566E+01 0.000E+00 0.000E+00 0.000E+00 0.000E+00 0.000E+00 0.000E+00
 1.300E+00 8.720E+02   275.727     AA   H444444
 1.562E+01 0.000E+00 0.000E+00 0.000E+00 0.000E+00 0.000E+00 0.000E+00
 1.550E+00 8.455E+02   274.720     AA   H444444
 1.648E+01 0.000E+00 0.000E+00 0.000E+00 0.000E+00 0.000E+00 0.000E+00
 1.800E+00 8.196E+02   273.768     AA   H444444
 1.548E+01 0.000E+00 0.000E+00 0.000E+00 0.000E+00 0.000E+00 0.000E+00
 2.050E+00 7.944E+02   272.843     AA   H444444
 1.238E+01 0.000E+00 0.000E+00 0.000E+00 0.000E+00 0.000E+00 0.000E+00
 2.300E+00 7.700E+02   271.731     AA   H444444
 1.171E+01 0.000E+00 0.000E+00 0.000E+00 0.000E+00 0.000E+00 0.000E+00
 2.550E+00 7.462E+02   270.327     AA   H444444
 1.467E+01 0.000E+00 0.000E+00 0.000E+00 0.000E+00 0.000E+00 0.000E+00
 2.800E+00 7.233E+02   268.820     AA   H444444
 1.613E+01 0.000E+00 0.000E+00 0.000E+00 0.000E+00 0.000E+00 0.000E+00
 3.050E+00 7.003E+02   267.313     AA   H444444
 1.760E+01 0.000E+00 0.000E+00 0.000E+00 0.000E+00 0.000E+00 0.000E+00
 3.300E+00 6.787E+02   266.048     AA   H444444
 2.380E+01 0.000E+00 0.000E+00 0.000E+00 0.000E+00 0.000E+00 0.000E+00
 3.550E+00 6.570E+02   264.787     AA   H444444
 3.007E+01 0.000E+00 0.000E+00 0.000E+00 0.000E+00 0.000E+00 0.000E+00
 3.800E+00 6.364E+02   263.390     AA   H444444
 3.976E+01 0.000E+00 0.000E+00 0.000E+00 0.000E+00 0.000E+00 0.000E+00
 4.050E+00 6.161E+02   261.927     AA   H444444
 5.110E+01 0.000E+00 0.000E+00 0.000E+00 0.000E+00 0.000E+00 0.000E+00
 4.300E+00 5.962E+02   260.446     AA   H444444
 6.030E+01 0.000E+00 0.000E+00 0.000E+00 0.000E+00 0.000E+00 0.000E+00
 4.550E+00 5.772E+02   258.899     AA   H444444
 6.106E+01 0.000E+00 0.000E+00 0.000E+00 0.000E+00 0.000E+00 0.000E+00
 4.800E+00 5.583E+02   257.351     AA   H444444
 6.182E+01 0.000E+00 0.000E+00 0.000E+00 0.000E+00 0.000E+00 0.000E+00
 5.050E+00 5.402E+02   255.611     AA   H444444
 5.596E+01 0.000E+00 0.000E+00 0.000E+00 0.000E+00 0.000E+00 0.000E+00
 5.290E+00 5.226E+02   253.719     AA   H444444
 4.488E+01 0.000E+00 0.000E+00 0.000E+00 0.000E+00 0.000E+00 0.000E+00
 5.540E+00 5.050E+02   251.827     AA   H444444
 3.381E+01 0.000E+00 0.000E+00 0.000E+00 0.000E+00 0.000E+00 0.000E+00
 5.790E+00 4.883E+02   249.931     AA   H444444
 2.755E+01 0.000E+00 0.000E+00 0.000E+00 0.000E+00 0.000E+00 0.000E+00
 6.040E+00 4.720E+02   248.033     AA   H444444
 2.321E+01 0.000E+00 0.000E+00 0.000E+00 0.000E+00 0.000E+00 0.000E+00
 6.290E+00 4.557E+02   246.135     AA   H444444
 1.886E+01 0.000E+00 0.000E+00 0.000E+00 0.000E+00 0.000E+00 0.000E+00
 6.540E+00 4.403E+02   244.196     AA   H444444
 1.695E+01 0.000E+00 0.000E+00 0.000E+00 0.000E+00 0.000E+00 0.000E+00
 6.790E+00 4.254E+02   242.234     AA   H444444
 1.635E+01 0.000E+00 0.000E+00 0.000E+00 0.000E+00 0.000E+00 0.000E+00
 7.040E+00 4.105E+02   240.273     AA   H444444
 1.576E+01 0.000E+00 0.000E+00 0.000E+00 0.000E+00 0.000E+00 0.000E+00
 7.290E+00 3.960E+02   238.242     AA   H444444
 1.758E+01 0.000E+00 0.000E+00 0.000E+00 0.000E+00 0.000E+00 0.000E+00
 7.540E+00 3.824E+02   236.048     AA   H444444
 2.510E+01 0.000E+00 0.000E+00 0.000E+00 0.000E+00 0.000E+00 0.000E+00
 7.790E+00 3.688E+02   233.855     AA   H444444
 3.263E+01 0.000E+00 0.000E+00 0.000E+00 0.000E+00 0.000E+00 0.000E+00
 8.040E+00 3.552E+02   231.661     AA   H444444
 4.015E+01 0.000E+00 0.000E+00 0.000E+00 0.000E+00 0.000E+00 0.000E+00
 8.290E+00 3.425E+02   229.480     AA   H444444
 4.711E+01 0.000E+00 0.000E+00 0.000E+00 0.000E+00 0.000E+00 0.000E+00
 8.540E+00 3.302E+02   227.306     AA   H444444
 5.373E+01 0.000E+00 0.000E+00 0.000E+00 0.000E+00 0.000E+00 0.000E+00
 8.790E+00 3.180E+02   225.133     AA   H444444
 6.034E+01 0.000E+00 0.000E+00 0.000E+00 0.000E+00 0.000E+00 0.000E+00
 9.040E+00 3.058E+02   222.959     AA   H444444
 6.696E+01 0.000E+00 0.000E+00 0.000E+00 0.000E+00 0.000E+00 0.000E+00
 9.290E+00 2.944E+02   220.858     AA   H444444
 7.348E+01 0.000E+00 0.000E+00 0.000E+00 0.000E+00 0.000E+00 0.000E+00
 9.540E+00 2.836E+02   218.822     AA   H444444
 7.991E+01 0.000E+00 0.000E+00 0.000E+00 0.000E+00 0.000E+00 0.000E+00
 9.780E+00 2.728E+02   216.787     AA   H444444
 8.634E+01 0.000E+00 0.000E+00 0.000E+00 0.000E+00 0.000E+00 0.000E+00
 1.003E+01 2.621E+02   214.751     AA   H444444
 9.278E+01 0.000E+00 0.000E+00 0.000E+00 0.000E+00 0.000E+00 0.000E+00
 1.028E+01 2.513E+02   212.716     AA   H444444
 9.921E+01 0.000E+00 0.000E+00 0.000E+00 0.000E+00 0.000E+00 0.000E+00
 1.053E+01 2.416E+02   212.288     AA   H444444
 9.513E+01 0.000E+00 0.000E+00 0.000E+00 0.000E+00 0.000E+00 0.000E+00
 1.078E+01 2.320E+02   212.085     AA   H444444
 8.958E+01 0.000E+00 0.000E+00 0.000E+00 0.000E+00 0.000E+00 0.000E+00
 1.103E+01 2.228E+02   212.598     AA   H444444
 7.845E+01 0.000E+00 0.000E+00 0.000E+00 0.000E+00 0.000E+00 0.000E+00
 1.128E+01 2.144E+02   215.096     AA   H444444
 5.185E+01 0.000E+00 0.000E+00 0.000E+00 0.000E+00 0.000E+00 0.000E+00
 1.153E+01 2.060E+02   217.594     AA   H444444
 2.526E+01 0.000E+00 0.000E+00 0.000E+00 0.000E+00 0.000E+00 0.000E+00
 1.178E+01 1.980E+02   219.531     AA   H444444
 5.757E+00 0.000E+00 0.000E+00 0.000E+00 0.000E+00 0.000E+00 0.000E+00
 1.203E+01 1.908E+02   220.005     AA   H444444
 4.775E+00 0.000E+00 0.000E+00 0.000E+00 0.000E+00 0.000E+00 0.000E+00
 1.228E+01 1.835E+02   220.479     AA   H444444
 3.794E+00 0.000E+00 0.000E+00 0.000E+00 0.000E+00 0.000E+00 0.000E+00
 1.253E+01 1.763E+02   220.953     AA   H444444
 2.812E+00 0.000E+00 0.000E+00 0.000E+00 0.000E+00 0.000E+00 0.000E+00
 1.278E+01 1.699E+02   221.452     AA   H444444
 2.440E+00 0.000E+00 0.000E+00 0.000E+00 0.000E+00 0.000E+00 0.000E+00
 1.279E+01 1.695E+02   221.484     AA   H444444
 2.425E+00 0.000E+00 0.000E+00 0.000E+00 0.000E+00 0.000E+00 0.000E+00
 1.282E+01 1.687E+02   221.547     AA   H444444
 2.395E+00 0.000E+00 0.000E+00 0.000E+00 0.000E+00 0.000E+00 0.000E+00
 1.286E+01 1.679E+02   221.610     AA   H444444
 2.365E+00 0.000E+00 0.000E+00 0.000E+00 0.000E+00 0.000E+00 0.000E+00
 1.289E+01 1.672E+02   221.673     AA   H444444
 2.334E+00 0.000E+00 0.000E+00 0.000E+00 0.000E+00 0.000E+00 0.000E+00
 1.292E+01 1.664E+02   221.736     AA   H444444
 2.304E+00 0.000E+00 0.000E+00 0.000E+00 0.000E+00 0.000E+00 0.000E+00
 1.295E+01 1.656E+02   221.800     AA   H444444
 2.274E+00 0.000E+00 0.000E+00 0.000E+00 0.000E+00 0.000E+00 0.000E+00
 1.298E+01 1.648E+02   221.863     AA   H444444
 2.244E+00 0.000E+00 0.000E+00 0.000E+00 0.000E+00 0.000E+00 0.000E+00
 1.301E+01 1.640E+02   221.926     AA   H444444
 2.214E+00 0.000E+00 0.000E+00 0.000E+00 0.000E+00 0.000E+00 0.000E+00
 1.357E+01 1.500E+02   223.066     AA   H444444
 1.668E+00 0.000E+00 0.000E+00 0.000E+00 0.000E+00 0.000E+00 0.000E+00
 1.477E+01 1.250E+02   223.335     AA   H444444
 1.290E+00 0.000E+00 0.000E+00 0.000E+00 0.000E+00 0.000E+00 0.000E+00
 1.623E+01 1.000E+02   224.315     AA   H444444
 9.214E-01 0.000E+00 0.000E+00 0.000E+00 0.000E+00 0.000E+00 0.000E+00
 1.858E+01 7.000E+01   225.438     AA   H444444
 5.998E-01 0.000E+00 0.000E+00 0.000E+00 0.000E+00 0.000E+00 0.000E+00
 2.081E+01 5.000E+01   227.478     AA   H444444
 3.580E-01 0.000E+00 0.000E+00 0.000E+00 0.000E+00 0.000E+00 0.000E+00
 2.422E+01 3.000E+01   227.980     AA   H444444
 2.125E-01 0.000E+00 0.000E+00 0.000E+00 0.000E+00 0.000E+00 0.000E+00
 2.694E+01 2.000E+01   230.611     AA   H444444
 1.069E-01 0.000E+00 0.000E+00 0.000E+00 0.000E+00 0.000E+00 0.000E+00
 3.165E+01 1.000E+01   236.480     AA   H444444
 2.943E-02 0.000E+00 0.000E+00 0.000E+00 0.000E+00 0.000E+00 0.000E+00
 3.416E+01 7.000E+00   245.001     AA   H444444
 8.301E-03 0.000E+00 0.000E+00 0.000E+00 0.000E+00 0.000E+00 0.000E+00
 3.662E+01 5.000E+00   253.727     AA   H444444
 3.606E-03 0.000E+00 0.000E+00 0.000E+00 0.000E+00 0.000E+00 0.000E+00
 4.050E+01 3.000E+00   265.675     AA   H444444
 1.259E-03 0.000E+00 0.000E+00 0.000E+00 0.000E+00 0.000E+00 0.000E+00
 4.373E+01 2.000E+00   278.778     AA   H444444
 1.259E-03 0.000E+00 0.000E+00 0.000E+00 0.000E+00 0.000E+00 0.000E+00
 4.944E+01 1.000E+00   279.749     AA   H444444
 0.000E+00 0.000E+00 0.000E+00 0.000E+00 0.000E+00 0.000E+00 0.000E+00
