$ RRTM_SW runscript created on 2021-07-13 17:59:22.895770                       
                   0                             1                                1     98   00   00
            220   70.6940    0 1370.0000   0.00000
           1  00.010
    0        69         0    7    1    1     0.000                       400.000     0.000
     0.018    30.000
     0.018     0.060     0.100     0.150     0.200     0.250     0.300     0.350
     0.360     0.370     0.380     0.390     0.400     0.450     0.500     0.520
     0.570     0.620     0.720     0.780     0.810     0.860     0.920     1.100
     1.250     1.400     1.600     1.800     2.000     2.200     2.400     2.600
     2.800     3.000     3.200     3.600     3.800     4.000     4.200     4.400
     4.700     5.000     5.300     5.600     5.900     6.200     6.500     6.800
     7.100     7.400     7.700     8.000     8.400     8.800     9.200     9.600
    10.000    10.500    11.000    11.500    12.000    12.500    13.000    14.000
    15.000    18.000    20.000    25.000    30.000
   69                        
 1.800E-02 1.017E+03   272.890     AA   HA44444
 9.563E+01 4.000E+02 0.000E+00 0.000E+00 0.000E+00 0.000E+00 0.000E+00
 6.000E-02 1.012E+03   272.493     AA   HA44444
 9.712E+01 4.000E+02 0.000E+00 0.000E+00 0.000E+00 0.000E+00 0.000E+00
 1.000E-01 1.006E+03   272.200     AA   HA44444
 9.756E+01 4.000E+02 0.000E+00 0.000E+00 0.000E+00 0.000E+00 0.000E+00
 1.500E-01 1.000E+03   271.815     AA   HA44444
 9.777E+01 4.000E+02 0.000E+00 0.000E+00 0.000E+00 0.000E+00 0.000E+00
 2.000E-01 9.939E+02   271.444     AA   HA44444
 9.797E+01 4.000E+02 0.000E+00 0.000E+00 0.000E+00 0.000E+00 0.000E+00
 2.500E-01 9.876E+02   271.097     AA   HA44444
 9.831E+01 4.000E+02 0.000E+00 0.000E+00 0.000E+00 0.000E+00 0.000E+00
 3.000E-01 9.814E+02   270.776     AA   HA44444
 9.832E+01 4.000E+02 0.000E+00 0.000E+00 0.000E+00 0.000E+00 0.000E+00
 3.500E-01 9.753E+02   270.528     AA   HA44444
 9.805E+01 4.000E+02 0.000E+00 0.000E+00 0.000E+00 0.000E+00 0.000E+00
 3.600E-01 9.740E+02   270.487     AA   HA44444
 9.794E+01 4.000E+02 0.000E+00 0.000E+00 0.000E+00 0.000E+00 0.000E+00
 3.700E-01 9.728E+02   270.446     AA   HA44444
 9.782E+01 4.000E+02 0.000E+00 0.000E+00 0.000E+00 0.000E+00 0.000E+00
 3.800E-01 9.716E+02   270.400     AA   HA44444
 9.774E+01 4.000E+02 0.000E+00 0.000E+00 0.000E+00 0.000E+00 0.000E+00
 3.900E-01 9.703E+02   270.342     AA   HA44444
 9.777E+01 4.000E+02 0.000E+00 0.000E+00 0.000E+00 0.000E+00 0.000E+00
 4.000E-01 9.691E+02   270.284     AA   HA44444
 9.779E+01 4.000E+02 0.000E+00 0.000E+00 0.000E+00 0.000E+00 0.000E+00
 4.500E-01 9.630E+02   270.030     AA   HA44444
 9.738E+01 4.000E+02 0.000E+00 0.000E+00 0.000E+00 0.000E+00 0.000E+00
 5.000E-01 9.569E+02   269.815     AA   HA44444
 9.578E+01 4.000E+02 0.000E+00 0.000E+00 0.000E+00 0.000E+00 0.000E+00
 5.200E-01 9.545E+02   269.710     AA   HA44444
 9.465E+01 4.000E+02 0.000E+00 0.000E+00 0.000E+00 0.000E+00 0.000E+00
 5.700E-01 9.485E+02   270.177     AA   HA44444
 9.103E+01 4.000E+02 0.000E+00 0.000E+00 0.000E+00 0.000E+00 0.000E+00
 6.200E-01 9.425E+02   271.747     AA   HA44444
 8.612E+01 4.000E+02 0.000E+00 0.000E+00 0.000E+00 0.000E+00 0.000E+00
 7.200E-01 9.308E+02   274.805     AA   HA44444
 7.232E+01 4.000E+02 0.000E+00 0.000E+00 0.000E+00 0.000E+00 0.000E+00
 7.800E-01 9.239E+02   275.120     AA   HA44444
 6.804E+01 4.000E+02 0.000E+00 0.000E+00 0.000E+00 0.000E+00 0.000E+00
 8.100E-01 9.205E+02   275.051     AA   HA44444
 6.685E+01 4.000E+02 0.000E+00 0.000E+00 0.000E+00 0.000E+00 0.000E+00
 8.600E-01 9.148E+02   274.937     AA   HA44444
 6.486E+01 4.000E+02 0.000E+00 0.000E+00 0.000E+00 0.000E+00 0.000E+00
 9.200E-01 9.080E+02   274.754     AA   HA44444
 6.394E+01 4.000E+02 0.000E+00 0.000E+00 0.000E+00 0.000E+00 0.000E+00
 1.100E+00 8.879E+02   274.011     AA   HA44444
 6.240E+01 4.000E+02 0.000E+00 0.000E+00 0.000E+00 0.000E+00 0.000E+00
 1.250E+00 8.714E+02   273.167     AA   HA44444
 6.149E+01 4.000E+02 0.000E+00 0.000E+00 0.000E+00 0.000E+00 0.000E+00
 1.400E+00 8.552E+02   272.312     AA   HA44444
 6.104E+01 4.000E+02 0.000E+00 0.000E+00 0.000E+00 0.000E+00 0.000E+00
 1.600E+00 8.339E+02   271.280     AA   HA44444
 6.078E+01 4.000E+02 0.000E+00 0.000E+00 0.000E+00 0.000E+00 0.000E+00
 1.800E+00 8.131E+02   270.170     AA   HA44444
 6.087E+01 4.000E+02 0.000E+00 0.000E+00 0.000E+00 0.000E+00 0.000E+00
 2.000E+00 7.928E+02   269.000     AA   HA44444
 6.050E+01 4.000E+02 0.000E+00 0.000E+00 0.000E+00 0.000E+00 0.000E+00
 2.200E+00 7.728E+02   267.885     AA   HA44444
 5.914E+01 4.000E+02 0.000E+00 0.000E+00 0.000E+00 0.000E+00 0.000E+00
 2.400E+00 7.533E+02   266.967     AA   HA44444
 5.597E+01 4.000E+02 0.000E+00 0.000E+00 0.000E+00 0.000E+00 0.000E+00
 2.600E+00 7.343E+02   266.225     AA   HA44444
 5.167E+01 4.000E+02 0.000E+00 0.000E+00 0.000E+00 0.000E+00 0.000E+00
 2.800E+00 7.156E+02   265.463     AA   HA44444
 4.755E+01 4.000E+02 0.000E+00 0.000E+00 0.000E+00 0.000E+00 0.000E+00
 3.000E+00 6.974E+02   264.619     AA   HA44444
 4.386E+01 4.000E+02 0.000E+00 0.000E+00 0.000E+00 0.000E+00 0.000E+00
 3.200E+00 6.796E+02   263.632     AA   HA44444
 4.017E+01 4.000E+02 0.000E+00 0.000E+00 0.000E+00 0.000E+00 0.000E+00
 3.600E+00 6.451E+02   261.508     AA   HA44444
 3.089E+01 4.000E+02 0.000E+00 0.000E+00 0.000E+00 0.000E+00 0.000E+00
 3.800E+00 6.284E+02   260.370     AA   HA44444
 2.722E+01 4.000E+02 0.000E+00 0.000E+00 0.000E+00 0.000E+00 0.000E+00
 4.000E+00 6.121E+02   259.163     AA   HA44444
 2.539E+01 4.000E+02 0.000E+00 0.000E+00 0.000E+00 0.000E+00 0.000E+00
 4.200E+00 5.961E+02   257.915     AA   HA44444
 2.442E+01 4.000E+02 0.000E+00 0.000E+00 0.000E+00 0.000E+00 0.000E+00
 4.400E+00 5.805E+02   256.661     AA   HA44444
 2.266E+01 4.000E+02 0.000E+00 0.000E+00 0.000E+00 0.000E+00 0.000E+00
 4.700E+00 5.577E+02   254.773     AA   HA44444
 2.020E+01 4.000E+02 0.000E+00 0.000E+00 0.000E+00 0.000E+00 0.000E+00
 5.000E+00 5.356E+02   252.871     AA   HA44444
 2.053E+01 4.000E+02 0.000E+00 0.000E+00 0.000E+00 0.000E+00 0.000E+00
 5.300E+00 5.143E+02   250.951     AA   HA44444
 2.198E+01 4.000E+02 0.000E+00 0.000E+00 0.000E+00 0.000E+00 0.000E+00
 5.600E+00 4.936E+02   249.010     AA   HA44444
 2.348E+01 4.000E+02 0.000E+00 0.000E+00 0.000E+00 0.000E+00 0.000E+00
 5.900E+00 4.736E+02   246.992     AA   HA44444
 2.529E+01 4.000E+02 0.000E+00 0.000E+00 0.000E+00 0.000E+00 0.000E+00
 6.200E+00 4.542E+02   244.846     AA   HA44444
 2.679E+01 4.000E+02 0.000E+00 0.000E+00 0.000E+00 0.000E+00 0.000E+00
 6.500E+00 4.355E+02   242.623     AA   HA44444
 2.789E+01 4.000E+02 0.000E+00 0.000E+00 0.000E+00 0.000E+00 0.000E+00
 6.800E+00 4.174E+02   240.391     AA   HA44444
 2.807E+01 4.000E+02 0.000E+00 0.000E+00 0.000E+00 0.000E+00 0.000E+00
 7.100E+00 3.999E+02   238.181     AA   HA44444
 2.806E+01 4.000E+02 0.000E+00 0.000E+00 0.000E+00 0.000E+00 0.000E+00
 7.400E+00 3.830E+02   235.970     AA   HA44444
 3.294E+01 4.000E+02 0.000E+00 0.000E+00 0.000E+00 0.000E+00 0.000E+00
 7.700E+00 3.666E+02   233.768     AA   HA44444
 4.605E+01 4.000E+02 0.000E+00 0.000E+00 0.000E+00 0.000E+00 0.000E+00
 8.000E+00 3.509E+02   231.595     AA   HA44444
 5.195E+01 4.000E+02 0.000E+00 0.000E+00 0.000E+00 0.000E+00 0.000E+00
 8.400E+00 3.307E+02   228.688     AA   HA44444
 5.079E+01 4.000E+02 0.000E+00 0.000E+00 0.000E+00 0.000E+00 0.000E+00
 8.800E+00 3.113E+02   225.758     AA   HA44444
 5.170E+01 4.000E+02 0.000E+00 0.000E+00 0.000E+00 0.000E+00 0.000E+00
 9.200E+00 2.930E+02   223.055     AA   HA44444
 5.334E+01 4.000E+02 0.000E+00 0.000E+00 0.000E+00 0.000E+00 0.000E+00
 9.600E+00 2.755E+02   220.598     AA   HA44444
 5.188E+01 4.000E+02 0.000E+00 0.000E+00 0.000E+00 0.000E+00 0.000E+00
 1.000E+01 2.589E+02   218.904     AA   HA44444
 4.479E+01 4.000E+02 0.000E+00 0.000E+00 0.000E+00 0.000E+00 0.000E+00
 1.050E+01 2.395E+02   219.613     AA   HA44444
 2.238E+01 4.000E+02 0.000E+00 0.000E+00 0.000E+00 0.000E+00 0.000E+00
 1.100E+01 2.217E+02   222.969     AA   HA44444
 6.689E+00 4.000E+02 0.000E+00 0.000E+00 0.000E+00 0.000E+00 0.000E+00
 1.150E+01 2.055E+02   225.718     AA   HA44444
 2.633E+00 4.000E+02 0.000E+00 0.000E+00 0.000E+00 0.000E+00 0.000E+00
 1.200E+01 1.906E+02   226.960     AA   HA44444
 1.413E+00 4.000E+02 0.000E+00 0.000E+00 0.000E+00 0.000E+00 0.000E+00
 1.250E+01 1.768E+02   227.548     AA   HA44444
 9.381E-01 4.000E+02 0.000E+00 0.000E+00 0.000E+00 0.000E+00 0.000E+00
 1.300E+01 1.640E+02   227.919     AA   HA44444
 7.397E-01 4.000E+02 0.000E+00 0.000E+00 0.000E+00 0.000E+00 0.000E+00
 1.400E+01 1.412E+02   228.301     AA   HA44444
 6.002E-01 4.000E+02 0.000E+00 0.000E+00 0.000E+00 0.000E+00 0.000E+00
 1.500E+01 1.217E+02   228.623     AA   HA44444
 4.933E-01 4.000E+02 0.000E+00 0.000E+00 0.000E+00 0.000E+00 0.000E+00
 1.800E+01 7.873E+01   229.005     AA   HA44444
 2.840E-01 4.000E+02 0.000E+00 0.000E+00 0.000E+00 0.000E+00 0.000E+00
 2.000E+01 5.846E+01   228.691     AA   HA44444
 2.282E-01 4.000E+02 0.000E+00 0.000E+00 0.000E+00 0.000E+00 0.000E+00
 2.500E+01 2.746E+01   228.458     AA   HA44444
 1.154E-01 4.000E+02 0.000E+00 0.000E+00 0.000E+00 0.000E+00 0.000E+00
 3.000E+01 1.317E+01   234.510     AA   HA44444
 3.277E-02 4.000E+02 0.000E+00 0.000E+00 0.000E+00 0.000E+00 0.000E+00
