$ RRTM_SW runscript created on 2021-08-05 11:24:15.180296                       
                   0                             1                                1     98   12   00
            156   73.6248    0 1370.0000   0.00000
           1  00.271
    0        74         0    7    1    1     0.000                       410.000     0.000
     0.000    49.710
     0.000     0.170     0.310     0.560     0.810     1.050     1.300     1.550
     1.800     2.050     2.300     2.550     2.800     3.050     3.300     3.550
     3.800     4.050     4.300     4.550     4.800     5.050     5.290     5.540
     5.790     6.040     6.290     6.540     6.790     7.040     7.290     7.540
     7.790     8.040     8.290     8.540     8.790     9.040     9.290     9.540
     9.780    10.030    10.280    10.530    10.780    11.030    11.280    11.530
    11.780    12.030    12.280    12.530    12.780    12.790    12.820    12.860
    12.890    12.920    12.950    12.980    13.010    13.630    14.830    16.290
    18.650    20.890    24.310    27.020    31.780    34.310    36.770    40.690
    43.940    49.710
   74                        
 0.000E+00 1.022E+03   272.151     AA   H444444
 9.114E+01 0.000E+00 0.000E+00 0.000E+00 0.000E+00 0.000E+00 0.000E+00
 1.700E-01 1.001E+03   270.692     AA   H444444
 9.454E+01 0.000E+00 0.000E+00 0.000E+00 0.000E+00 0.000E+00 0.000E+00
 3.100E-01 9.837E+02   269.530     AA   H444444
 9.746E+01 0.000E+00 0.000E+00 0.000E+00 0.000E+00 0.000E+00 0.000E+00
 5.600E-01 9.531E+02   271.183     AA   H444444
 8.742E+01 0.000E+00 0.000E+00 0.000E+00 0.000E+00 0.000E+00 0.000E+00
 8.100E-01 9.236E+02   273.758     AA   H444444
 3.476E+01 0.000E+00 0.000E+00 0.000E+00 0.000E+00 0.000E+00 0.000E+00
 1.050E+00 8.954E+02   273.665     AA   H444444
 3.443E+01 0.000E+00 0.000E+00 0.000E+00 0.000E+00 0.000E+00 0.000E+00
 1.300E+00 8.679E+02   272.807     AA   H444444
 3.733E+01 0.000E+00 0.000E+00 0.000E+00 0.000E+00 0.000E+00 0.000E+00
 1.550E+00 8.413E+02   271.818     AA   H444444
 3.922E+01 0.000E+00 0.000E+00 0.000E+00 0.000E+00 0.000E+00 0.000E+00
 1.800E+00 8.154E+02   270.897     AA   H444444
 4.238E+01 0.000E+00 0.000E+00 0.000E+00 0.000E+00 0.000E+00 0.000E+00
 2.050E+00 7.901E+02   270.014     AA   H444444
 4.182E+01 0.000E+00 0.000E+00 0.000E+00 0.000E+00 0.000E+00 0.000E+00
 2.300E+00 7.656E+02   269.090     AA   H444444
 3.656E+01 0.000E+00 0.000E+00 0.000E+00 0.000E+00 0.000E+00 0.000E+00
 2.550E+00 7.419E+02   268.124     AA   H444444
 3.328E+01 0.000E+00 0.000E+00 0.000E+00 0.000E+00 0.000E+00 0.000E+00
 2.800E+00 7.188E+02   267.130     AA   H444444
 3.098E+01 0.000E+00 0.000E+00 0.000E+00 0.000E+00 0.000E+00 0.000E+00
 3.050E+00 6.961E+02   266.059     AA   H444444
 2.913E+01 0.000E+00 0.000E+00 0.000E+00 0.000E+00 0.000E+00 0.000E+00
 3.300E+00 6.744E+02   264.922     AA   H444444
 2.933E+01 0.000E+00 0.000E+00 0.000E+00 0.000E+00 0.000E+00 0.000E+00
 3.550E+00 6.528E+02   263.719     AA   H444444
 2.952E+01 0.000E+00 0.000E+00 0.000E+00 0.000E+00 0.000E+00 0.000E+00
 3.800E+00 6.324E+02   262.438     AA   H444444
 2.493E+01 0.000E+00 0.000E+00 0.000E+00 0.000E+00 0.000E+00 0.000E+00
 4.050E+00 6.121E+02   261.093     AA   H444444
 1.963E+01 0.000E+00 0.000E+00 0.000E+00 0.000E+00 0.000E+00 0.000E+00
 4.300E+00 5.924E+02   259.614     AA   H444444
 1.647E+01 0.000E+00 0.000E+00 0.000E+00 0.000E+00 0.000E+00 0.000E+00
 4.550E+00 5.735E+02   258.055     AA   H444444
 1.645E+01 0.000E+00 0.000E+00 0.000E+00 0.000E+00 0.000E+00 0.000E+00
 4.800E+00 5.546E+02   256.532     AA   H444444
 1.644E+01 0.000E+00 0.000E+00 0.000E+00 0.000E+00 0.000E+00 0.000E+00
 5.050E+00 5.367E+02   255.061     AA   H444444
 2.186E+01 0.000E+00 0.000E+00 0.000E+00 0.000E+00 0.000E+00 0.000E+00
 5.290E+00 5.192E+02   253.603     AA   H444444
 2.903E+01 0.000E+00 0.000E+00 0.000E+00 0.000E+00 0.000E+00 0.000E+00
 5.540E+00 5.016E+02   252.133     AA   H444444
 3.621E+01 0.000E+00 0.000E+00 0.000E+00 0.000E+00 0.000E+00 0.000E+00
 5.790E+00 4.854E+02   250.651     AA   H444444
 4.034E+01 0.000E+00 0.000E+00 0.000E+00 0.000E+00 0.000E+00 0.000E+00
 6.040E+00 4.692E+02   249.168     AA   H444444
 4.415E+01 0.000E+00 0.000E+00 0.000E+00 0.000E+00 0.000E+00 0.000E+00
 6.290E+00 4.531E+02   247.512     AA   H444444
 4.797E+01 0.000E+00 0.000E+00 0.000E+00 0.000E+00 0.000E+00 0.000E+00
 6.540E+00 4.381E+02   245.638     AA   H444444
 4.970E+01 0.000E+00 0.000E+00 0.000E+00 0.000E+00 0.000E+00 0.000E+00
 6.790E+00 4.233E+02   243.722     AA   H444444
 5.094E+01 0.000E+00 0.000E+00 0.000E+00 0.000E+00 0.000E+00 0.000E+00
 7.040E+00 4.085E+02   241.771     AA   H444444
 5.218E+01 0.000E+00 0.000E+00 0.000E+00 0.000E+00 0.000E+00 0.000E+00
 7.290E+00 3.943E+02   239.739     AA   H444444
 5.125E+01 0.000E+00 0.000E+00 0.000E+00 0.000E+00 0.000E+00 0.000E+00
 7.540E+00 3.809E+02   237.660     AA   H444444
 4.738E+01 0.000E+00 0.000E+00 0.000E+00 0.000E+00 0.000E+00 0.000E+00
 7.790E+00 3.675E+02   235.580     AA   H444444
 4.351E+01 0.000E+00 0.000E+00 0.000E+00 0.000E+00 0.000E+00 0.000E+00
 8.040E+00 3.541E+02   233.473     AA   H444444
 3.964E+01 0.000E+00 0.000E+00 0.000E+00 0.000E+00 0.000E+00 0.000E+00
 8.290E+00 3.416E+02   231.326     AA   H444444
 3.900E+01 0.000E+00 0.000E+00 0.000E+00 0.000E+00 0.000E+00 0.000E+00
 8.540E+00 3.296E+02   229.167     AA   H444444
 3.979E+01 0.000E+00 0.000E+00 0.000E+00 0.000E+00 0.000E+00 0.000E+00
 8.790E+00 3.175E+02   227.008     AA   H444444
 4.058E+01 0.000E+00 0.000E+00 0.000E+00 0.000E+00 0.000E+00 0.000E+00
 9.040E+00 3.055E+02   224.918     AA   H444444
 4.137E+01 0.000E+00 0.000E+00 0.000E+00 0.000E+00 0.000E+00 0.000E+00
 9.290E+00 2.942E+02   222.961     AA   H444444
 4.826E+01 0.000E+00 0.000E+00 0.000E+00 0.000E+00 0.000E+00 0.000E+00
 9.540E+00 2.836E+02   221.065     AA   H444444
 6.024E+01 0.000E+00 0.000E+00 0.000E+00 0.000E+00 0.000E+00 0.000E+00
 9.780E+00 2.730E+02   219.169     AA   H444444
 7.221E+01 0.000E+00 0.000E+00 0.000E+00 0.000E+00 0.000E+00 0.000E+00
 1.003E+01 2.624E+02   217.274     AA   H444444
 8.418E+01 0.000E+00 0.000E+00 0.000E+00 0.000E+00 0.000E+00 0.000E+00
 1.028E+01 2.518E+02   216.292     AA   H444444
 9.616E+01 0.000E+00 0.000E+00 0.000E+00 0.000E+00 0.000E+00 0.000E+00
 1.053E+01 2.422E+02   216.446     AA   H444444
 8.262E+01 0.000E+00 0.000E+00 0.000E+00 0.000E+00 0.000E+00 0.000E+00
 1.078E+01 2.328E+02   216.859     AA   H444444
 6.402E+01 0.000E+00 0.000E+00 0.000E+00 0.000E+00 0.000E+00 0.000E+00
 1.103E+01 2.236E+02   217.711     AA   H444444
 4.618E+01 0.000E+00 0.000E+00 0.000E+00 0.000E+00 0.000E+00 0.000E+00
 1.128E+01 2.154E+02   218.940     AA   H444444
 3.226E+01 0.000E+00 0.000E+00 0.000E+00 0.000E+00 0.000E+00 0.000E+00
 1.153E+01 2.071E+02   220.146     AA   H444444
 1.834E+01 0.000E+00 0.000E+00 0.000E+00 0.000E+00 0.000E+00 0.000E+00
 1.178E+01 1.990E+02   221.191     AA   H444444
 6.170E+00 0.000E+00 0.000E+00 0.000E+00 0.000E+00 0.000E+00 0.000E+00
 1.203E+01 1.918E+02   222.089     AA   H444444
 4.937E+00 0.000E+00 0.000E+00 0.000E+00 0.000E+00 0.000E+00 0.000E+00
 1.228E+01 1.847E+02   222.988     AA   H444444
 3.704E+00 0.000E+00 0.000E+00 0.000E+00 0.000E+00 0.000E+00 0.000E+00
 1.253E+01 1.775E+02   223.666     AA   H444444
 2.471E+00 0.000E+00 0.000E+00 0.000E+00 0.000E+00 0.000E+00 0.000E+00
 1.278E+01 1.710E+02   223.900     AA   H444444
 1.940E+00 0.000E+00 0.000E+00 0.000E+00 0.000E+00 0.000E+00 0.000E+00
 1.279E+01 1.706E+02   223.920     AA   H444444
 1.930E+00 0.000E+00 0.000E+00 0.000E+00 0.000E+00 0.000E+00 0.000E+00
 1.282E+01 1.698E+02   223.946     AA   H444444
 1.910E+00 0.000E+00 0.000E+00 0.000E+00 0.000E+00 0.000E+00 0.000E+00
 1.286E+01 1.690E+02   223.972     AA   H444444
 1.890E+00 0.000E+00 0.000E+00 0.000E+00 0.000E+00 0.000E+00 0.000E+00
 1.289E+01 1.683E+02   223.998     AA   H444444
 1.870E+00 0.000E+00 0.000E+00 0.000E+00 0.000E+00 0.000E+00 0.000E+00
 1.292E+01 1.675E+02   224.025     AA   H444444
 1.850E+00 0.000E+00 0.000E+00 0.000E+00 0.000E+00 0.000E+00 0.000E+00
 1.295E+01 1.667E+02   224.051     AA   H444444
 1.830E+00 0.000E+00 0.000E+00 0.000E+00 0.000E+00 0.000E+00 0.000E+00
 1.298E+01 1.660E+02   224.077     AA   H444444
 1.810E+00 0.000E+00 0.000E+00 0.000E+00 0.000E+00 0.000E+00 0.000E+00
 1.301E+01 1.652E+02   224.336     AA   H444444
 1.790E+00 0.000E+00 0.000E+00 0.000E+00 0.000E+00 0.000E+00 0.000E+00
 1.363E+01 1.500E+02   224.704     AA   H444444
 1.393E+00 0.000E+00 0.000E+00 0.000E+00 0.000E+00 0.000E+00 0.000E+00
 1.483E+01 1.250E+02   224.941     AA   H444444
 1.060E+00 0.000E+00 0.000E+00 0.000E+00 0.000E+00 0.000E+00 0.000E+00
 1.629E+01 1.000E+02   225.809     AA   H444444
 8.510E-01 0.000E+00 0.000E+00 0.000E+00 0.000E+00 0.000E+00 0.000E+00
 1.865E+01 7.000E+01   227.381     AA   H444444
 5.153E-01 0.000E+00 0.000E+00 0.000E+00 0.000E+00 0.000E+00 0.000E+00
 2.089E+01 5.000E+01   228.232     AA   H444444
 3.393E-01 0.000E+00 0.000E+00 0.000E+00 0.000E+00 0.000E+00 0.000E+00
 2.431E+01 3.000E+01   229.228     AA   H444444
 2.031E-01 0.000E+00 0.000E+00 0.000E+00 0.000E+00 0.000E+00 0.000E+00
 2.702E+01 2.000E+01   233.580     AA   H444444
 1.092E-01 0.000E+00 0.000E+00 0.000E+00 0.000E+00 0.000E+00 0.000E+00
 3.178E+01 1.000E+01   242.271     AA   H444444
 2.004E-02 0.000E+00 0.000E+00 0.000E+00 0.000E+00 0.000E+00 0.000E+00
 3.431E+01 7.000E+00   248.950     AA   H444444
 8.301E-03 0.000E+00 0.000E+00 0.000E+00 0.000E+00 0.000E+00 0.000E+00
 3.677E+01 5.000E+00   259.374     AA   H444444
 3.606E-03 0.000E+00 0.000E+00 0.000E+00 0.000E+00 0.000E+00 0.000E+00
 4.069E+01 3.000E+00   273.308     AA   H444444
 1.259E-03 0.000E+00 0.000E+00 0.000E+00 0.000E+00 0.000E+00 0.000E+00
 4.394E+01 2.000E+00   280.618     AA   H444444
 1.259E-03 0.000E+00 0.000E+00 0.000E+00 0.000E+00 0.000E+00 0.000E+00
 4.971E+01 1.000E+00   282.518     AA   H444444
 0.000E+00 0.000E+00 0.000E+00 0.000E+00 0.000E+00 0.000E+00 0.000E+00
