

 Wavenumbers:   820. - 50000. cm-1, ATM      1
 LEVEL PRESSURE   UPWARD FLUX   DIFDOWN FLUX  DIRDOWN FLUX  DOWNWARD FLUX   NET FLUX    HEATING RATE
          mb          W/m2          W/m2          W/m2        W/m2          W/m2       degree/day
  37     1.000      146.9407        0.0000      304.0072      304.0072     157.066476       0.00000
  36     2.000      146.9068        0.0856      301.5059      301.5915     154.684742      20.09980
  35     3.000      146.8902        0.1645      300.2928      300.4573     153.567111       9.43185
  34     5.000      146.8809        0.3175      298.7234      299.0409     152.159995       5.93743
  33     7.000      146.8785        0.4675      297.5569      298.0245     151.146001       4.27862
  32     10.00      146.8638        0.6887      296.1792      296.8679     150.004145       3.21210
  31     20.00      146.7524        1.4039      292.7028      294.1067     147.354296       2.23625
  30     30.00      146.5929        2.1001      289.8816      291.9817     145.388747       1.65876
  29     50.00      146.1343        3.4486      285.3686      288.8173     142.682955       1.14173
  28     70.00      145.5450        4.7481      281.7675      286.5155     140.970538       0.72257
  27     100.0      144.5507        6.6233      277.2287      283.8519     139.301281       0.46957
  26     125.0      143.7069        8.1178      273.8199      281.9377     138.230798       0.36136
  25     150.0      142.8599        9.5693      270.6052      280.1745     137.314601       0.30928
  24     175.0      142.0310       10.9553      267.5926      278.5479     136.516899       0.26928
  23     200.0      141.2130       12.2937      264.6881      276.9819     135.768890       0.25250
  22     225.0      140.4095       13.5821      261.6109      275.1930     134.783483       0.33264
  21     250.0      139.6073       14.8430      258.2415      273.0845     133.477263       0.44094
  20     300.0      138.0704       17.2023      251.8090      269.0113     130.940909       0.42809
  19     350.0      136.5714       19.4497      245.4714      264.9212     128.349713       0.43735
  18     400.0      135.1581       21.5236      239.9212      261.4448     126.286661       0.34821
  17     450.0      133.7872       23.5016      234.4995      258.0012     124.213965       0.34984
  16     500.0      132.5134       25.3345      228.1067      253.4413     120.927888       0.55463
  15     550.0      131.3520       27.0707      219.6263      246.6969     115.344931       0.94231
  14     600.0      130.3420       28.6993      211.0369      239.7362     109.394155       1.00439
  13     650.0      129.3687       30.2496      204.6069      234.8566     105.487863       0.65932
  12     700.0      128.3787       31.7185      199.8797      231.5983     103.219548       0.38285
  11     750.0      127.4164       33.0965      195.8379      228.9343     101.517926       0.28720
  10     775.0      126.9438       33.7615      193.9449      227.7064     100.762654       0.25495
   9     800.0      126.4870       34.4020      192.1170      226.5190     100.031968       0.24665
   8     825.0      126.0438       35.0423      190.1486      225.1909      99.147049       0.29872
   7     850.0      125.6313       35.6567      188.1536      223.8103      98.178993       0.32678
   6     875.0      125.2379       36.2456      186.2369      222.4824      97.244585       0.31542
   5     900.0      124.8461       36.8344      184.3213      221.1557      96.309562       0.31563
   4     925.0      124.4856       37.3968      182.4111      219.8080      95.322326       0.33326
   3     950.0      124.1543       37.9577      180.3560      218.3138      94.159420       0.39256
   2     975.0      123.8858       38.4945      178.1640      216.6585      92.772664       0.46812
   1    1000.0      119.4344       78.3282      131.4123      209.7405      90.306079       0.83263
   0    1025.0      119.4513       78.2070      129.1737      207.3807      87.929428       0.80228



 Wavenumbers:  2600. -  3250. cm-1, ATM      1
 LEVEL PRESSURE   UPWARD FLUX   DIFDOWN FLUX  DIRDOWN FLUX  DOWNWARD FLUX   NET FLUX    HEATING RATE
          mb          W/m2          W/m2          W/m2        W/m2          W/m2       degree/day
  37     1.000        1.2714        0.0000        4.1994        4.1994       2.928023       0.00000
  36     2.000        1.2712        0.0004        4.1859        4.1863       2.915105       0.10902
  35     3.000        1.2711        0.0008        4.1785        4.1793       2.908203       0.05825
  34     5.000        1.2711        0.0016        4.1676        4.1692       2.898154       0.04240
  33     7.000        1.2710        0.0023        4.1589        4.1612       2.890158       0.03374
  32     10.00        1.2710        0.0034        4.1484        4.1518       2.880841       0.02621
  31     20.00        1.2704        0.0070        4.1235        4.1305       2.860089       0.01751
  30     30.00        1.2696        0.0105        4.1029        4.1134       2.843832       0.01372
  29     50.00        1.2673        0.0173        4.0634        4.0806       2.813304       0.01288
  28     70.00        1.2644        0.0238        4.0232        4.0470       2.782604       0.01295
  27     100.0        1.2595        0.0332        3.9645        3.9977       2.738214       0.01249
  26     125.0        1.2553        0.0406        3.9187        3.9593       2.704008       0.01155
  25     150.0        1.2512        0.0479        3.8782        3.9261       2.674898       0.00983
  24     175.0        1.2471        0.0548        3.8431        3.8980       2.650820       0.00813
  23     200.0        1.2432        0.0615        3.8116        3.8731       2.629944       0.00705
  22     225.0        1.2393        0.0680        3.7785        3.8465       2.607169       0.00769
  21     250.0        1.2356        0.0743        3.7409        3.8152       2.579605       0.00930
  20     300.0        1.2286        0.0861        3.6649        3.7510       2.522367       0.00966
  19     350.0        1.2221        0.0974        3.5802        3.6775       2.455390       0.01130
  18     400.0        1.2161        0.1078        3.5003        3.6080       2.391882       0.01072
  17     450.0        1.2106        0.1177        3.4166        3.5342       2.323665       0.01151
  16     500.0        1.2062        0.1268        3.3012        3.4281       2.221821       0.01719
  15     550.0        1.2044        0.1355        3.1170        3.2525       2.048128       0.02932
  14     600.0        1.2058        0.1437        2.9125        3.0562       1.850408       0.03337
  13     650.0        1.2075        0.1514        2.7674        2.9189       1.711426       0.02346
  12     700.0        1.2077        0.1588        2.6735        2.8323       1.624542       0.01466
  11     750.0        1.2077        0.1657        2.5991        2.7648       1.557169       0.01137
  10     775.0        1.2076        0.1690        2.5654        2.7344       1.526763       0.01026
   9     800.0        1.2077        0.1722        2.5328        2.7050       1.497267       0.00996
   8     825.0        1.2084        0.1754        2.4954        2.6709       1.462459       0.01175
   7     850.0        1.2096        0.1785        2.4560        2.6345       1.424858       0.01269
   6     875.0        1.2111        0.1814        2.4181        2.5996       1.388512       0.01227
   5     900.0        1.2127        0.1844        2.3804        2.5648       1.352047       0.01231
   4     925.0        1.2149        0.1872        2.3417        2.5289       1.314061       0.01282
   3     950.0        1.2180        0.1900        2.2984        2.4884       1.270334       0.01476
   2     975.0        1.2227        0.1927        2.2495        2.4422       1.219465       0.01717
   1    1000.0        1.2242        0.5862        1.6249        2.2111       0.986816       0.07853
   0    1025.0        1.2369        0.5774        1.5700        2.1474       0.910514       0.02576



 Wavenumbers:  3250. -  4000. cm-1, ATM      1
 LEVEL PRESSURE   UPWARD FLUX   DIFDOWN FLUX  DIRDOWN FLUX  DOWNWARD FLUX   NET FLUX    HEATING RATE
          mb          W/m2          W/m2          W/m2        W/m2          W/m2       degree/day
  37     1.000        0.0311        0.0000        4.5380        4.5380       4.506897       0.00000
  36     2.000        0.0311        0.0000        4.4675        4.4675       4.436423       0.59474
  35     3.000        0.0311        0.0000        4.4428        4.4428       4.411745       0.20826
  34     5.000        0.0311        0.0000        4.4139        4.4139       4.382860       0.12189
  33     7.000        0.0311        0.0000        4.3877        4.3877       4.356663       0.11054
  32     10.00        0.0311        0.0000        4.3488        4.3489       4.317815       0.10928
  31     20.00        0.0310        0.0001        4.2272        4.2273       4.196228       0.10261
  30     30.00        0.0310        0.0001        4.1301        4.1302       4.099207       0.08188
  29     50.00        0.0310        0.0001        3.9574        3.9575       3.926552       0.07285
  28     70.00        0.0310        0.0002        3.7947        3.7949       3.763908       0.06863
  27     100.0        0.0309        0.0003        3.5863        3.5865       3.555637       0.05859
  26     125.0        0.0309        0.0003        3.4316        3.4320       3.401135       0.05215
  25     150.0        0.0308        0.0004        3.3004        3.3008       3.270018       0.04426
  24     175.0        0.0308        0.0005        3.1923        3.1928       3.162038       0.03645
  23     200.0        0.0307        0.0005        3.0946        3.0951       3.064416       0.03295
  22     225.0        0.0307        0.0006        2.9491        2.9497       2.919017       0.04908
  21     250.0        0.0307        0.0006        2.7664        2.7670       2.736339       0.06167
  20     300.0        0.0306        0.0007        2.4134        2.4141       2.383504       0.05955
  19     350.0        0.0306        0.0007        2.0682        2.0689       2.038295       0.05827
  18     400.0        0.0306        0.0008        1.8406        1.8414       1.810793       0.03840
  17     450.0        0.0307        0.0009        1.6484        1.6492       1.618530       0.03245
  16     500.0        0.0309        0.0009        1.3834        1.3843       1.353350       0.04476
  15     550.0        0.0317        0.0009        1.0196        1.0205       0.988775       0.06153
  14     600.0        0.0334        0.0009        0.7178        0.7187       0.685284       0.05122
  13     650.0        0.0352        0.0009        0.5531        0.5540       0.518800       0.02810
  12     700.0        0.0366        0.0010        0.4722        0.4731       0.436535       0.01388
  11     750.0        0.0378        0.0010        0.4183        0.4193       0.381561       0.00928
  10     775.0        0.0383        0.0010        0.3961        0.3971       0.358736       0.00771
   9     800.0        0.0390        0.0010        0.3753        0.3763       0.337327       0.00723
   8     825.0        0.0398        0.0010        0.3501        0.3511       0.311355       0.00877
   7     850.0        0.0408        0.0010        0.3234        0.3244       0.283592       0.00937
   6     875.0        0.0419        0.0010        0.2990        0.3000       0.258096       0.00861
   5     900.0        0.0431        0.0011        0.2759        0.2769       0.233821       0.00819
   4     925.0        0.0445        0.0011        0.2525        0.2536       0.209008       0.00838
   3     950.0        0.0465        0.0011        0.2260        0.2271       0.180647       0.00957
   2     975.0        0.0491        0.0011        0.1965        0.1976       0.148433       0.01087
   1    1000.0        0.0545        0.0245        0.1199        0.1444       0.089909       0.01976
   0    1025.0        0.0621        0.0188        0.0891        0.1079       0.045741       0.01491



 Wavenumbers:  4000. -  4650. cm-1, ATM      1
 LEVEL PRESSURE   UPWARD FLUX   DIFDOWN FLUX  DIRDOWN FLUX  DOWNWARD FLUX   NET FLUX    HEATING RATE
          mb          W/m2          W/m2          W/m2        W/m2          W/m2       degree/day
  37     1.000        2.0031        0.0000        5.3270        5.3270       3.323840       0.00000
  36     2.000        2.0031        0.0000        5.3265        5.3265       3.323357       0.00408
  35     3.000        2.0031        0.0000        5.3262        5.3262       3.323050       0.00259
  34     5.000        2.0031        0.0000        5.3255        5.3255       3.322415       0.00268
  33     7.000        2.0031        0.0000        5.3248        5.3248       3.321684       0.00309
  32     10.00        2.0031        0.0000        5.3236        5.3236       3.320481       0.00338
  31     20.00        2.0031        0.0001        5.3191        5.3192       3.316114       0.00369
  30     30.00        2.0031        0.0001        5.3144        5.3145       3.311453       0.00393
  29     50.00        2.0031        0.0002        5.3038        5.3039       3.300866       0.00447
  28     70.00        2.0031        0.0003        5.2915        5.2918       3.288698       0.00513
  27     100.0        2.0032        0.0004        5.2717        5.2721       3.268879       0.00557
  26     125.0        2.0034        0.0005        5.2535        5.2540       3.250523       0.00620
  25     150.0        2.0037        0.0006        5.2350        5.2355       3.231867       0.00630
  24     175.0        2.0040        0.0007        5.2166        5.2173       3.213306       0.00627
  23     200.0        2.0043        0.0008        5.1979        5.1987       3.194331       0.00641
  22     225.0        2.0048        0.0009        5.1767        5.1775       3.172670       0.00731
  21     250.0        2.0055        0.0009        5.1522        5.1531       3.147611       0.00846
  20     300.0        2.0073        0.0011        5.1006        5.1018       3.094513       0.00896
  19     350.0        2.0096        0.0013        5.0423        5.0437       3.034074       0.01020
  18     400.0        2.0121        0.0015        4.9866        4.9881       2.975923       0.00981
  17     450.0        2.0151        0.0017        4.9276        4.9292       2.914078       0.01044
  16     500.0        2.0196        0.0018        4.8445        4.8464       2.826727       0.01474
  15     550.0        2.0267        0.0020        4.7117        4.7137       2.687022       0.02358
  14     600.0        2.0371        0.0021        4.5605        4.5626       2.525530       0.02726
  13     650.0        2.0476        0.0022        4.4414        4.4436       2.395969       0.02187
  12     700.0        2.0566        0.0024        4.3573        4.3597       2.303074       0.01568
  11     750.0        2.0650        0.0025        4.2868        4.2893       2.224289       0.01330
  10     775.0        2.0693        0.0026        4.2538        4.2564       2.187124       0.01255
   9     800.0        2.0736        0.0027        4.2215        4.2242       2.150579       0.01234
   8     825.0        2.0786        0.0027        4.1841        4.1869       2.108241       0.01429
   7     850.0        2.0842        0.0028        4.1443        4.1471       2.062844       0.01532
   6     875.0        2.0899        0.0029        4.1055        4.1084       2.018494       0.01497
   5     900.0        2.0959        0.0029        4.0666        4.0695       1.973574       0.01516
   4     925.0        2.1025        0.0030        4.0264        4.0293       1.926844       0.01577
   3     950.0        2.1104        0.0030        3.9806        3.9837       1.873311       0.01807
   2     975.0        2.1200        0.0031        3.9287        3.9317       1.811778       0.02077
   1    1000.0        2.0675        0.8378        2.8647        3.7025       1.635036       0.05966
   0    1025.0        2.0869        0.8212        2.8020        3.6231       1.536210       0.03336



 Wavenumbers:  4650. -  5150. cm-1, ATM      1
 LEVEL PRESSURE   UPWARD FLUX   DIFDOWN FLUX  DIRDOWN FLUX  DOWNWARD FLUX   NET FLUX    HEATING RATE
          mb          W/m2          W/m2          W/m2        W/m2          W/m2       degree/day
  37     1.000        1.3118        0.0000        5.0474        5.0474       3.735557       0.00000
  36     2.000        1.3118        0.0000        5.0311        5.0311       3.719310       0.13711
  35     3.000        1.3118        0.0000        5.0232        5.0232       3.711369       0.06702
  34     5.000        1.3118        0.0000        5.0152        5.0152       3.703354       0.03382
  33     7.000        1.3118        0.0000        5.0095        5.0095       3.697720       0.02377
  32     10.00        1.3118        0.0001        5.0013        5.0013       3.689525       0.02305
  31     20.00        1.3118        0.0001        4.9695        4.9696       3.657769       0.02680
  30     30.00        1.3118        0.0002        4.9320        4.9322       3.620392       0.03154
  29     50.00        1.3118        0.0003        4.8525        4.8527       3.540906       0.03354
  28     70.00        1.3119        0.0004        4.7798        4.7801       3.468199       0.03068
  27     100.0        1.3122        0.0005        4.6916        4.6922       3.379969       0.02482
  26     125.0        1.3125        0.0007        4.6324        4.6331       3.320554       0.02006
  25     150.0        1.3129        0.0008        4.5787        4.5795       3.266602       0.01821
  24     175.0        1.3134        0.0009        4.5272        4.5281       3.214733       0.01751
  23     200.0        1.3139        0.0011        4.4752        4.4762       3.162305       0.01770
  22     225.0        1.3145        0.0012        4.4220        4.4232       3.108627       0.01812
  21     250.0        1.3152        0.0013        4.3657        4.3670       3.051785       0.01919
  20     300.0        1.3170        0.0015        4.2496        4.2511       2.934124       0.01986
  19     350.0        1.3193        0.0018        4.1251        4.1269       2.807585       0.02136
  18     400.0        1.3220        0.0020        4.0047        4.0067       2.684717       0.02074
  17     450.0        1.3252        0.0022        3.8844        3.8865       2.561286       0.02083
  16     500.0        1.3298        0.0024        3.7542        3.7565       2.426735       0.02271
  15     550.0        1.3366        0.0025        3.5976        3.6002       2.263537       0.02754
  14     600.0        1.3460        0.0027        3.4287        3.4313       2.085352       0.03007
  13     650.0        1.3559        0.0028        3.2854        3.2882       1.932297       0.02583
  12     700.0        1.3652        0.0029        3.1738        3.1768       1.811543       0.02038
  11     750.0        1.3745        0.0031        3.0789        3.0819       1.707406       0.01758
  10     775.0        1.3794        0.0031        3.0347        3.0378       1.658456       0.01652
   9     800.0        1.3843        0.0032        2.9923        2.9955       1.611163       0.01596
   8     825.0        1.3900        0.0033        2.9472        2.9505       1.560491       0.01710
   7     850.0        1.3961        0.0033        2.9020        2.9053       1.509186       0.01732
   6     875.0        1.4024        0.0034        2.8587        2.8621       1.459735       0.01669
   5     900.0        1.4091        0.0034        2.8159        2.8193       1.410205       0.01672
   4     925.0        1.4162        0.0035        2.7737        2.7772       1.361008       0.01661
   3     950.0        1.4243        0.0035        2.7293        2.7329       1.308532       0.01771
   2     975.0        1.4335        0.0036        2.6834        2.6870       1.253551       0.01856
   1    1000.0        1.4040        0.5590        1.9551        2.5141       1.110149       0.04841
   0    1025.0        1.4174        0.5481        1.9127        2.4608       1.043397       0.02253



 Wavenumbers:  5150. -  6150. cm-1, ATM      1
 LEVEL PRESSURE   UPWARD FLUX   DIFDOWN FLUX  DIRDOWN FLUX  DOWNWARD FLUX   NET FLUX    HEATING RATE
          mb          W/m2          W/m2          W/m2        W/m2          W/m2       degree/day
  37     1.000        3.6829        0.0000       12.6123       12.6123       8.929411       0.00000
  36     2.000        3.6829        0.0000       12.5805       12.5806       8.897685       0.26774
  35     3.000        3.6829        0.0001       12.5618       12.5619       8.879029       0.15744
  34     5.000        3.6828        0.0001       12.5494       12.5495       8.866640       0.05228
  33     7.000        3.6828        0.0002       12.5415       12.5417       8.858849       0.03287
  32     10.00        3.6828        0.0002       12.5319       12.5321       8.849319       0.02681
  31     20.00        3.6827        0.0005       12.5064       12.5069       8.824191       0.02121
  30     30.00        3.6826        0.0008       12.4884       12.4892       8.806549       0.01489
  29     50.00        3.6825        0.0013       12.4623       12.4636       8.781074       0.01075
  28     70.00        3.6825        0.0018       12.4403       12.4421       8.759577       0.00907
  27     100.0        3.6826        0.0026       12.4072       12.4098       8.727217       0.00910
  26     125.0        3.6828        0.0032       12.3778       12.3811       8.698320       0.00975
  25     150.0        3.6829        0.0039       12.3455       12.3494       8.666469       0.01075
  24     175.0        3.6831        0.0045       12.3101       12.3147       8.631543       0.01179
  23     200.0        3.6833        0.0052       12.2627       12.2678       8.584521       0.01587
  22     225.0        3.6836        0.0058       12.1293       12.1351       8.451482       0.04491
  21     250.0        3.6840        0.0064       11.8917       11.8980       8.214054       0.08015
  20     300.0        3.6849        0.0074       11.4529       11.4603       7.775398       0.07404
  19     350.0        3.6862        0.0084       11.0125       11.0209       7.334774       0.07437
  18     400.0        3.6875        0.0094       10.6617       10.6712       6.983703       0.05925
  17     450.0        3.6890        0.0104       10.3056       10.3160       6.627026       0.06020
  16     500.0        3.6916        0.0110        9.7108        9.7218       6.030197       0.10073
  15     550.0        3.6981        0.0113        8.7642        8.7755       5.077341       0.16083
  14     600.0        3.7099        0.0114        7.9839        7.9953       4.285327       0.13368
  13     650.0        3.7218        0.0118        7.6096        7.6214       3.899569       0.06511
  12     700.0        3.7306        0.0124        7.4353        7.4477       3.717074       0.03080
  11     750.0        3.7383        0.0130        7.3192        7.3323       3.593959       0.02078
  10     775.0        3.7420        0.0134        7.2706        7.2840       3.541969       0.01755
   9     800.0        3.7459        0.0137        7.2249        7.2386       3.492714       0.01663
   8     825.0        3.7509        0.0140        7.1701        7.1841       3.433239       0.02008
   7     850.0        3.7568        0.0143        7.1118        7.1261       3.369366       0.02156
   6     875.0        3.7629        0.0146        7.0578        7.0724       3.309474       0.02022
   5     900.0        3.7695        0.0149        7.0055        7.0204       3.250933       0.01976
   4     925.0        3.7769        0.0152        6.9517        6.9669       3.189970       0.02058
   3     950.0        3.7865        0.0155        6.8898        6.9053       3.118826       0.02402
   2     975.0        3.7990        0.0158        6.8185        6.8343       3.035250       0.02821
   1    1000.0        3.6633        1.5174        5.0036        6.5210       2.857672       0.05994
   0    1025.0        3.6909        1.4935        4.9144        6.4079       2.716937       0.04751



 Wavenumbers:  6150. -  7700. cm-1, ATM      1
 LEVEL PRESSURE   UPWARD FLUX   DIFDOWN FLUX  DIRDOWN FLUX  DOWNWARD FLUX   NET FLUX    HEATING RATE
          mb          W/m2          W/m2          W/m2        W/m2          W/m2       degree/day
  37     1.000        6.0837        0.0000       23.3433       23.3433      17.259660       0.00000
  36     2.000        6.0836        0.0001       23.3059       23.3060      17.222451       0.31401
  35     3.000        6.0835        0.0002       23.2809       23.2811      17.197628       0.20948
  34     5.000        6.0833        0.0004       23.2612       23.2617      17.178367       0.08127
  33     7.000        6.0831        0.0007       23.2475       23.2482      17.165054       0.05617
  32     10.00        6.0828        0.0010       23.2297       23.2307      17.147824       0.04847
  31     20.00        6.0819        0.0021       23.1781       23.1802      17.098243       0.04184
  30     30.00        6.0810        0.0032       23.1368       23.1400      17.059008       0.03311
  29     50.00        6.0792        0.0054       23.0734       23.0788      16.999596       0.02507
  28     70.00        6.0774        0.0076       23.0233       23.0309      16.953430       0.01948
  27     100.0        6.0747        0.0108       22.9568       22.9676      16.892864       0.01704
  26     125.0        6.0725        0.0136       22.9020       22.9156      16.843066       0.01681
  25     150.0        6.0703        0.0163       22.8447       22.8609      16.790620       0.01770
  24     175.0        6.0682        0.0190       22.7839       22.8029      16.734711       0.01887
  23     200.0        6.0660        0.0216       22.7073       22.7289      16.662881       0.02425
  22     225.0        6.0640        0.0242       22.5263       22.5505      16.486505       0.05954
  21     250.0        6.0622        0.0268       22.1981       22.2249      16.162653       0.10932
  20     300.0        6.0591        0.0314       21.4843       21.5157      15.456552       0.11918
  19     350.0        6.0569        0.0358       20.7307       20.7664      14.709595       0.12607
  18     400.0        6.0549        0.0400       20.1559       20.1959      14.140974       0.09597
  17     450.0        6.0536        0.0441       19.5633       19.6074      13.553785       0.09911
  16     500.0        6.0557        0.0472       18.5193       18.5665      12.510799       0.17604
  15     550.0        6.0693        0.0484       16.7248       16.7732      10.703913       0.30497
  14     600.0        6.0994        0.0487       15.0219       15.0706       8.971257       0.29244
  13     650.0        6.1301        0.0500       14.0737       14.1237       7.993685       0.16500
  12     700.0        6.1514        0.0522       13.5939       13.6461       7.494649       0.08423
  11     750.0        6.1693        0.0546       13.2623       13.3169       7.147575       0.05858
  10     775.0        6.1779        0.0559       13.1212       13.1771       6.999200       0.05009
   9     800.0        6.1868        0.0571       12.9867       13.0438       6.856978       0.04801
   8     825.0        6.1991        0.0583       12.8206       12.8789       6.679757       0.05982
   7     850.0        6.2142        0.0593       12.6395       12.6988       6.484646       0.06586
   6     875.0        6.2299        0.0603       12.4691       12.5294       6.299523       0.06249
   5     900.0        6.2469        0.0613       12.3030       12.3643       6.117373       0.06149
   4     925.0        6.2667        0.0623       12.1297       12.1920       5.925292       0.06484
   3     950.0        6.2929        0.0631       11.9281       11.9913       5.698351       0.07661
   2     975.0        6.3286        0.0638       11.6926       11.7563       5.427741       0.09135
   1    1000.0        6.1054        2.6253        8.4918       11.1171       5.011720       0.14043
   0    1025.0        6.1912        2.5463        8.2023       10.7487       4.557428       0.15335



 Wavenumbers:  7700. -  8050. cm-1, ATM      1
 LEVEL PRESSURE   UPWARD FLUX   DIFDOWN FLUX  DIRDOWN FLUX  DOWNWARD FLUX   NET FLUX    HEATING RATE
          mb          W/m2          W/m2          W/m2        W/m2          W/m2       degree/day
  37     1.000        2.4675        0.0000        5.6185        5.6185       3.151086       0.00000
  36     2.000        2.4676        0.0000        5.6167        5.6168       3.149197       0.01594
  35     3.000        2.4677        0.0001        5.6150        5.6150       3.147383       0.01531
  34     5.000        2.4679        0.0002        5.6116        5.6118       3.143914       0.01463
  33     7.000        2.4681        0.0003        5.6083        5.6086       3.140482       0.01448
  32     10.00        2.4684        0.0004        5.6034        5.6038       3.135381       0.01435
  31     20.00        2.4695        0.0009        5.5873        5.5881       3.118658       0.01411
  30     30.00        2.4705        0.0013        5.5714        5.5727       3.102168       0.01392
  29     50.00        2.4727        0.0022        5.5405        5.5427       3.069969       0.01359
  28     70.00        2.4749        0.0031        5.5106        5.5137       3.038799       0.01315
  27     100.0        2.4782        0.0045        5.4674        5.4719       2.993660       0.01270
  26     125.0        2.4811        0.0056        5.4329        5.4385       2.957416       0.01223
  25     150.0        2.4839        0.0067        5.3992        5.4059       2.921933       0.01198
  24     175.0        2.4868        0.0078        5.3669        5.3746       2.887792       0.01153
  23     200.0        2.4898        0.0088        5.3354        5.3442       2.854477       0.01125
  22     225.0        2.4927        0.0099        5.3044        5.3143       2.821617       0.01109
  21     250.0        2.4958        0.0110        5.2731        5.2841       2.788333       0.01124
  20     300.0        2.5019        0.0131        5.2134        5.2264       2.724535       0.01077
  19     350.0        2.5083        0.0151        5.1550        5.1701       2.661824       0.01058
  18     400.0        2.5148        0.0172        5.1005        5.1177       2.602925       0.00994
  17     450.0        2.5215        0.0192        5.0470        5.0662       2.544698       0.00983
  16     500.0        2.5285        0.0212        4.9929        5.0141       2.485587       0.00998
  15     550.0        2.5363        0.0231        4.9338        4.9569       2.420622       0.01096
  14     600.0        2.5448        0.0251        4.8738        4.8989       2.354069       0.01123
  13     650.0        2.5536        0.0270        4.8187        4.8457       2.292118       0.01046
  12     700.0        2.5621        0.0289        4.7686        4.7974       2.235340       0.00958
  11     750.0        2.5705        0.0307        4.7211        4.7518       2.181336       0.00911
  10     775.0        2.5748        0.0316        4.6978        4.7294       2.154692       0.00899
   9     800.0        2.5790        0.0325        4.6749        4.7075       2.128464       0.00885
   8     825.0        2.5836        0.0335        4.6510        4.6845       2.100919       0.00930
   7     850.0        2.5882        0.0344        4.6272        4.6615       2.073365       0.00930
   6     875.0        2.5928        0.0352        4.6038        4.6391       2.046328       0.00913
   5     900.0        2.5975        0.0361        4.5801        4.6162       2.018666       0.00934
   4     925.0        2.6023        0.0370        4.5565        4.5935       1.991196       0.00927
   3     950.0        2.6075        0.0379        4.5319        4.5698       1.962290       0.00976
   2     975.0        2.6128        0.0388        4.5067        4.5455       1.932625       0.01001
   1    1000.0        2.5086        1.0513        3.3420        4.3933       1.884741       0.01616
   0    1025.0        2.5150        1.0462        3.3202        4.3664       1.851344       0.01127



 Wavenumbers:  8050. - 12850. cm-1, ATM      1
 LEVEL PRESSURE   UPWARD FLUX   DIFDOWN FLUX  DIRDOWN FLUX  DOWNWARD FLUX   NET FLUX    HEATING RATE
          mb          W/m2          W/m2          W/m2        W/m2          W/m2       degree/day
  37     1.000       36.5903        0.0000       77.0576       77.0576      40.467291       0.00000
  36     2.000       36.5888        0.0022       77.0538       77.0560      40.467281       0.00008
  35     3.000       36.5872        0.0045       77.0500       77.0545      40.467272       0.00008
  34     5.000       36.5840        0.0089       77.0424       77.0513      40.467255       0.00007
  33     7.000       36.5809        0.0134       77.0347       77.0481      40.467238       0.00007
  32     10.00       36.5762        0.0200       77.0233       77.0434      40.467212       0.00007
  31     20.00       36.5605        0.0422       76.9855       77.0276      40.467129       0.00007
  30     30.00       36.5448        0.0644       76.9475       77.0118      40.467046       0.00007
  29     50.00       36.5133        0.1088       76.8714       76.9802      40.466885       0.00007
  28     70.00       36.4819        0.1531       76.7955       76.9487      40.466730       0.00007
  27     100.0       36.4349        0.2196       76.6818       76.9014      40.466504       0.00006
  26     125.0       36.3960        0.2747       76.5711       76.8458      40.449783       0.00564
  25     150.0       36.3569        0.3303       76.4595       76.7898      40.432942       0.00569
  24     175.0       36.3181        0.3852       76.3486       76.7338      40.415731       0.00581
  23     200.0       36.2793        0.4401       76.2324       76.6725      40.393217       0.00760
  22     225.0       36.2410        0.4946       76.0725       76.5672      40.326223       0.02262
  21     250.0       36.2028        0.5496       75.8508       76.4004      40.197533       0.04344
  20     300.0       36.1293        0.6571       75.3819       76.0390      39.909672       0.04859
  19     350.0       36.0574        0.7654       74.8587       75.6241      39.566714       0.05789
  18     400.0       35.9876        0.8713       74.3930       75.2643      39.276686       0.04895
  17     450.0       35.9189        0.9779       73.8936       74.8715      38.952649       0.05469
  16     500.0       35.8633        1.0805       73.0663       74.1468      38.283552       0.11293
  15     550.0       35.8482        1.1774       71.4133       72.5907      36.742493       0.26010
  14     600.0       35.8919        1.2671       69.2590       70.5261      34.634279       0.35583
  13     650.0       35.9354        1.3579       67.6766       69.0345      33.099100       0.25911
  12     700.0       35.9452        1.4514       66.7116       68.1630      32.217799       0.14875
  11     750.0       35.9428        1.5444       65.9673       67.5117      31.568846       0.10953
  10     775.0       35.9399        1.5910       65.6320       67.2230      31.283037       0.09648
   9     800.0       35.9381        1.6368       65.3053       66.9421      31.004019       0.09419
   8     825.0       35.9461        1.6829       64.9103       66.5932      30.647097       0.12048
   7     850.0       35.9631        1.7276       64.4775       66.2051      30.241995       0.13675
   6     875.0       35.9824        1.7711       64.0571       65.8283      29.845914       0.13370
   5     900.0       36.0043        1.8156       63.6342       65.4498      29.445566       0.13514
   4     925.0       36.0348        1.8584       63.1878       65.0461      29.011314       0.14659
   3     950.0       36.0833        1.9009       62.6642       64.5651      28.481823       0.17874
   2     975.0       36.1592        1.9409       62.0437       63.9846      27.825378       0.22159
   1    1000.0       34.7215       15.8690       45.7929       61.6619      26.940347       0.29876
   0    1025.0       34.9378       15.6765       44.9794       60.6559      25.718119       0.41258



 Wavenumbers: 12850. - 16000. cm-1, ATM      1
 LEVEL PRESSURE   UPWARD FLUX   DIFDOWN FLUX  DIRDOWN FLUX  DOWNWARD FLUX   NET FLUX    HEATING RATE
          mb          W/m2          W/m2          W/m2        W/m2          W/m2       degree/day
  37     1.000       25.4591        0.0000       48.6511       48.6511      23.191993       0.00000
  36     2.000       25.4605        0.0048       48.5857       48.5905      23.129970       0.52342
  35     3.000       25.4645        0.0095       48.5308       48.5403      23.075850       0.45672
  34     5.000       25.4765        0.0190       48.4114       48.4304      22.953962       0.51431
  33     7.000       25.4894        0.0284       48.2902       48.3186      22.829270       0.52615
  32     10.00       25.5060        0.0425       48.1243       48.1668      22.660837       0.47381
  31     20.00       25.5462        0.0888       47.6604       47.7493      22.203036       0.38634
  30     30.00       25.5742        0.1349       47.2703       47.4052      21.831037       0.31393
  29     50.00       25.5960        0.2261       46.6782       46.9042      21.308208       0.22061
  28     70.00       25.5852        0.3162       46.2571       46.5733      20.988054       0.13509
  27     100.0       25.5378        0.4504       45.7750       46.2254      20.687535       0.08454
  26     125.0       25.4924        0.5616       45.4206       45.9821      20.489722       0.06677
  25     150.0       25.4410        0.6728       45.0842       45.7571      20.316102       0.05861
  24     175.0       25.3865        0.7822       44.7655       45.5477      20.161281       0.05226
  23     200.0       25.3290        0.8910       44.4591       45.3501      20.021084       0.04733
  22     225.0       25.2692        0.9985       44.1658       45.1643      19.895078       0.04254
  21     250.0       25.2062        1.1067       43.8802       44.9870      19.780763       0.03859
  20     300.0       25.0781        1.3175       43.3445       44.6620      19.583877       0.03323
  19     350.0       24.9456        1.5289       42.8219       44.3508      19.405245       0.03015
  18     400.0       24.8148        1.7340       42.3251       44.0591      19.244279       0.02717
  17     450.0       24.6832        1.9393       41.8288       43.7682      19.084913       0.02690
  16     500.0       24.5569        2.1390       41.3311       43.4701      18.913235       0.02898
  15     550.0       24.4380        2.3370       40.7857       43.1227      18.684782       0.03856
  14     600.0       24.3309        2.5309       40.1950       42.7259      18.395021       0.04891
  13     650.0       24.2240        2.7231       39.6347       42.3577      18.133731       0.04410
  12     700.0       24.1129        2.9128       39.1345       42.0473      17.934400       0.03364
  11     750.0       24.0025        3.0980       38.6688       41.7668      17.764395       0.02869
  10     775.0       23.9473        3.1902       38.4423       41.6325      17.685215       0.02673
   9     800.0       23.8933        3.2806       38.2213       41.5020      17.608657       0.02584
   8     825.0       23.8398        3.3728       37.9906       41.3634      17.523636       0.02870
   7     850.0       23.7888        3.4629       37.7609       41.2238      17.434984       0.02993
   6     875.0       23.7395        3.5509       37.5375       41.0884      17.348912       0.02906
   5     900.0       23.6897        3.6405       37.3113       40.9519      17.262232       0.02926
   4     925.0       23.6425        3.7277       37.0882       40.8159      17.173370       0.03000
   3     950.0       23.5971        3.8162       36.8538       40.6700      17.072978       0.03389
   2     975.0       23.5566        3.9024       36.6125       40.5149      16.958261       0.03872
   1    1000.0       22.6204       12.1981       27.2399       39.4380      16.817636       0.04747
   0    1025.0       22.6003       12.2171       27.0195       39.2366      16.636323       0.06120



 Wavenumbers: 16000. - 22650. cm-1, ATM      1
 LEVEL PRESSURE   UPWARD FLUX   DIFDOWN FLUX  DIRDOWN FLUX  DOWNWARD FLUX   NET FLUX    HEATING RATE
          mb          W/m2          W/m2          W/m2        W/m2          W/m2       degree/day
  37     1.000       44.5403        0.0000       77.1978       77.1978      32.657415       0.00000
  36     2.000       44.5386        0.0259       77.0911       77.1170      32.578338       0.66735
  35     3.000       44.5453        0.0516       76.9509       77.0024      32.457141       1.02279
  34     5.000       44.5716        0.1027       76.6189       76.7216      32.150008       1.29597
  33     7.000       44.6011        0.1537       76.2767       76.4304      31.829386       1.35289
  32     10.00       44.6366        0.2296       75.8043       76.0339      31.397303       1.21547
  31     20.00       44.7068        0.4786       74.4608       74.9394      30.232617       0.98290
  30     30.00       44.7381        0.7246       73.3034       74.0281      29.289948       0.79553
  29     50.00       44.6944        1.2084       71.4686       72.6770      27.982677       0.55161
  28     70.00       44.5491        1.6822       70.0782       71.7604      27.211301       0.32549
  27     100.0       44.2378        2.3792       68.4047       70.7838      26.546039       0.18714
  26     125.0       43.9470        2.9462       67.1821       70.1283      26.181309       0.12312
  25     150.0       43.6432        3.5072       66.0276       69.5348      25.891564       0.09781
  24     175.0       43.3369        4.0525       64.9408       68.9933      25.656379       0.07939
  23     200.0       43.0267        4.5885       63.9016       68.4900      25.463344       0.06516
  22     225.0       42.7144        5.1130       62.9106       68.0236      25.309152       0.05205
  21     250.0       42.3950        5.6351       61.9504       67.5855      25.190578       0.04003
  20     300.0       41.7650        6.6356       60.1577       66.7932      25.028260       0.02740
  19     350.0       41.1302        7.6178       58.4319       66.0497      24.919542       0.01835
  18     400.0       40.5164        8.5506       56.8081       65.3586      24.842223       0.01305
  17     450.0       39.9072        9.4646       55.2184       64.6830      24.775701       0.01123
  16     500.0       39.3207       10.3348       53.7017       64.0365      24.715752       0.01012
  15     550.0       38.7436       11.1831       52.2146       63.3977      24.654094       0.01041
  14     600.0       38.1824       12.0013       50.7690       62.7702      24.587786       0.01119
  13     650.0       37.6306       12.7959       49.3634       62.1593      24.528701       0.00997
  12     700.0       37.0911       13.5616       48.0111       61.5727      24.481531       0.00796
  11     750.0       36.5697       14.2924       46.7182       61.0107      24.440996       0.00684
  10     775.0       36.3122       14.6500       46.0845       60.7345      24.422215       0.00634
   9     800.0       36.0607       14.9973       45.4677       60.4649      24.404264       0.00606
   8     825.0       35.8053       15.3480       44.8424       60.1904      24.385089       0.00647
   7     850.0       35.5566       15.6876       44.2346       59.9223      24.365625       0.00657
   6     875.0       35.3149       16.0159       43.6458       59.6617      24.346838       0.00634
   5     900.0       35.0697       16.3467       43.0510       59.3977      24.328038       0.00635
   4     925.0       34.8321       16.6656       42.4757       59.1413      24.309192       0.00636
   3     950.0       34.5915       16.9867       41.8934       58.8802      24.288622       0.00694
   2     975.0       34.3576       17.2976       41.3260       58.6237      24.266088       0.00761
   1    1000.0       33.0996       26.7448       30.5946       57.3394      24.239799       0.00887
   0    1025.0       32.8831       26.9184       30.1704       57.0888      24.205647       0.01153



 Wavenumbers: 22650. - 29000. cm-1, ATM      1
 LEVEL PRESSURE   UPWARD FLUX   DIFDOWN FLUX  DIRDOWN FLUX  DOWNWARD FLUX   NET FLUX    HEATING RATE
          mb          W/m2          W/m2          W/m2        W/m2          W/m2       degree/day
  37     1.000       21.2236        0.0000       29.4258       29.4258       8.202266       0.00000
  36     2.000       21.2053        0.0305       29.3767       29.4072       8.201871       0.00334
  35     3.000       21.1872        0.0608       29.3277       29.3885       8.201265       0.00511
  34     5.000       21.1512        0.1211       29.2298       29.3509       8.199729       0.00648
  33     7.000       21.1153        0.1813       29.1321       29.3134       8.198126       0.00676
  32     10.00       21.0618        0.2709       28.9869       29.2577       8.195966       0.00608
  31     20.00       20.8857        0.5644       28.5114       29.0758       8.190142       0.00491
  30     30.00       20.7114        0.8536       28.0432       28.8968       8.185429       0.00398
  29     50.00       20.3698        1.4161       27.1326       28.5487       8.178893       0.00276
  28     70.00       20.0386        1.9565       26.2572       28.2137       8.175036       0.00163
  27     100.0       19.5595        2.7301       25.0011       27.7312       8.171710       0.00094
  26     125.0       19.1775        3.3393       24.0081       27.3474       8.169886       0.00062
  25     150.0       18.8063        3.9249       23.0498       26.9747       8.168437       0.00049
  24     175.0       18.4520        4.4774       22.1419       26.6193       8.167261       0.00040
  23     200.0       18.1102        5.0043       21.2722       26.2765       8.166296       0.00033
  22     225.0       17.7815        5.5048       20.4422       25.9470       8.165525       0.00026
  21     250.0       17.4605        5.9875       19.6378       25.6254       8.164932       0.00020
  20     300.0       16.8617        6.8701       18.1557       25.0258       8.164121       0.00014
  19     350.0       16.2935        7.6843       16.7728       24.4571       8.163577       0.00009
  18     400.0       15.7716        8.4100       15.5248       23.9348       8.163191       0.00007
  17     450.0       15.2758        9.0773       14.3613       23.4386       8.162858       0.00006
  16     500.0       14.8174        9.6728       13.3072       22.9800       8.162558       0.00005
  15     550.0       14.3825       10.2172       12.3275       22.5447       8.162250       0.00005
  14     600.0       13.9733       10.7091       11.4261       22.1352       8.161918       0.00006
  13     650.0       13.5852       11.1558       10.5910       21.7468       8.161623       0.00005
  12     700.0       13.2195       11.5575        9.8233       21.3809       8.161387       0.00004
  11     750.0       12.8772       11.9153        9.1231       21.0384       8.161184       0.00003
  10     775.0       12.7122       12.0809        8.7924       20.8733       8.161090       0.00003
   9     800.0       12.5534       12.2360        8.4784       20.7144       8.161001       0.00003
   8     825.0       12.3942       12.3869        8.1682       20.5551       8.160905       0.00003
   7     850.0       12.2411       12.5278        7.8742       20.4020       8.160808       0.00003
   6     875.0       12.0943       12.6588        7.5963       20.2550       8.160714       0.00003
   5     900.0       11.9473       12.7857        7.3223       20.1079       8.160620       0.00003
   4     925.0       11.8065       12.9032        7.0638       19.9670       8.160525       0.00003
   3     950.0       11.6654       13.0169        6.8089       19.8259       8.160422       0.00003
   2     975.0       11.5295       13.1225        6.5673       19.6898       8.160310       0.00004
   1    1000.0       11.2118       14.6100        4.7619       19.3719       8.160173       0.00005
   0    1025.0       11.0853       14.6531        4.5922       19.2453       8.160003       0.00006



 Wavenumbers: 29000. - 38000. cm-1, ATM      1
 LEVEL PRESSURE   UPWARD FLUX   DIFDOWN FLUX  DIRDOWN FLUX  DOWNWARD FLUX   NET FLUX    HEATING RATE
          mb          W/m2          W/m2          W/m2        W/m2          W/m2       degree/day
  37     1.000        3.2649        0.0000       10.3878       10.3878       7.122903       0.00000
  36     2.000        3.2528        0.0207        8.8775        8.8982       5.645427      12.46863
  35     3.000        3.2456        0.0371        8.1132        8.1504       4.904791       6.25033
  34     5.000        3.2374        0.0654        7.2424        7.3079       4.070433       3.52063
  33     7.000        3.2318        0.0909        6.7343        6.8252       3.593369       2.01301
  32     10.00        3.2232        0.1265        6.2621        6.3886       3.165410       1.20387
  31     20.00        3.1927        0.2321        5.4116        5.6437       2.450973       0.60292
  30     30.00        3.1632        0.3259        4.9016        5.2275       2.064356       0.32627
  29     50.00        3.0972        0.4946        4.2682        4.7628       1.665664       0.16823
  28     70.00        3.0231        0.6473        3.8546        4.5020       1.478828       0.07884
  27     100.0        2.9081        0.8540        3.3945        4.2485       1.340406       0.03894
  26     125.0        2.8161        1.0080        3.0810        4.0890       1.272909       0.02278
  25     150.0        2.7291        1.1479        2.8045        3.9525       1.223368       0.01672
  24     175.0        2.6484        1.2734        2.5608        3.8342       1.185792       0.01268
  23     200.0        2.5728        1.3869        2.3427        3.7297       1.156829       0.00978
  22     225.0        2.5020        1.4895        2.1475        3.6370       1.135087       0.00734
  21     250.0        2.4341        1.5839        1.9695        3.5534       1.119280       0.00534
  20     300.0        2.3118        1.7448        1.6658        3.4106       1.098782       0.00346
  19     350.0        2.2013        1.8787        1.4085        3.2872       1.085846       0.00218
  18     400.0        2.1048        1.9854        1.1964        3.1818       1.077044       0.00149
  17     450.0        2.0174        2.0722        1.0149        3.0871       1.069759       0.00123
  16     500.0        1.9401        2.1399        0.8639        3.0038       1.063699       0.00102
  15     550.0        1.8695        2.1932        0.7349        2.9281       1.058587       0.00086
  14     600.0        1.8053        2.2336        0.6259        2.8595       1.054251       0.00073
  13     650.0        1.7461        2.2634        0.5332        2.7966       1.050442       0.00064
  12     700.0        1.6917        2.2839        0.4548        2.7388       1.047053       0.00057
  11     750.0        1.6417        2.2967        0.3891        2.6857       1.044027       0.00051
  10     775.0        1.6179        2.3006        0.3599        2.6605       1.042613       0.00048
   9     800.0        1.5950        2.3030        0.3333        2.6363       1.041280       0.00045
   8     825.0        1.5722        2.3041        0.3081        2.6122       1.039971       0.00044
   7     850.0        1.5504        2.3039        0.2853        2.5892       1.038737       0.00042
   6     875.0        1.5295        2.3026        0.2645        2.5671       1.037574       0.00039
   5     900.0        1.5086        2.3002        0.2449        2.5451       1.036432       0.00039
   4     925.0        1.4886        2.2969        0.2271        2.5240       1.035362       0.00036
   3     950.0        1.4685        2.2926        0.2103        2.5029       1.034317       0.00035
   2     975.0        1.4492        2.2875        0.1950        2.4825       1.033348       0.00033
   1    1000.0        1.4200        2.3164        0.1361        2.4524       1.032451       0.00030
   0    1025.0        1.4014        2.3069        0.1262        2.4330       1.031604       0.00029



 Wavenumbers: 38000. - 50000. cm-1, ATM      1
 LEVEL PRESSURE   UPWARD FLUX   DIFDOWN FLUX  DIRDOWN FLUX  DOWNWARD FLUX   NET FLUX    HEATING RATE
          mb          W/m2          W/m2          W/m2        W/m2          W/m2       degree/day
  37     1.000        0.0190        0.0000        0.6836        0.6836       0.664562       0.00000
  36     2.000        0.0171        0.0017        0.1594        0.1610       0.143931       4.39368
  35     3.000        0.0166        0.0014        0.0804        0.0818       0.065210       0.66434
  34     5.000        0.0163        0.0011        0.0461        0.0472       0.030906       0.14475
  33     7.000        0.0162        0.0010        0.0371        0.0380       0.021821       0.03833
  32     10.00        0.0161        0.0009        0.0322        0.0331       0.016966       0.01366
  31     20.00        0.0160        0.0012        0.0271        0.0283       0.012333       0.00391
  30     30.00        0.0158        0.0016        0.0245        0.0262       0.010336       0.00169
  29     50.00        0.0155        0.0025        0.0213        0.0238       0.008330       0.00085
  28     70.00        0.0151        0.0032        0.0193        0.0225       0.007394       0.00039
  27     100.0        0.0145        0.0043        0.0170        0.0212       0.006702       0.00019
  26     125.0        0.0141        0.0050        0.0154        0.0204       0.006365       0.00011
  25     150.0        0.0136        0.0057        0.0140        0.0198       0.006117       0.00008
  24     175.0        0.0132        0.0064        0.0128        0.0192       0.005929       0.00006
  23     200.0        0.0129        0.0069        0.0117        0.0186       0.005784       0.00005
  22     225.0        0.0125        0.0074        0.0107        0.0182       0.005675       0.00004
  21     250.0        0.0122        0.0079        0.0098        0.0178       0.005596       0.00003
  20     300.0        0.0116        0.0087        0.0083        0.0171       0.005494       0.00002
  19     350.0        0.0110        0.0094        0.0070        0.0164       0.005429       0.00001
  18     400.0        0.0105        0.0099        0.0060        0.0159       0.005385       0.00001
  17     450.0        0.0101        0.0104        0.0051        0.0154       0.005349       0.00001
  16     500.0        0.0097        0.0107        0.0043        0.0150       0.005318       0.00001
  15     550.0        0.0093        0.0110        0.0037        0.0146       0.005293       0.00000
  14     600.0        0.0090        0.0112        0.0031        0.0143       0.005271       0.00000
  13     650.0        0.0087        0.0113        0.0027        0.0140       0.005252       0.00000
  12     700.0        0.0085        0.0114        0.0023        0.0137       0.005235       0.00000
  11     750.0        0.0082        0.0115        0.0019        0.0134       0.005220       0.00000
  10     775.0        0.0081        0.0115        0.0018        0.0133       0.005213       0.00000
   9     800.0        0.0080        0.0115        0.0017        0.0132       0.005206       0.00000
   8     825.0        0.0079        0.0115        0.0015        0.0131       0.005200       0.00000
   7     850.0        0.0078        0.0115        0.0014        0.0129       0.005194       0.00000
   6     875.0        0.0076        0.0115        0.0013        0.0128       0.005188       0.00000
   5     900.0        0.0075        0.0115        0.0012        0.0127       0.005182       0.00000
   4     925.0        0.0074        0.0115        0.0011        0.0126       0.005177       0.00000
   3     950.0        0.0073        0.0115        0.0011        0.0125       0.005172       0.00000
   2     975.0        0.0072        0.0114        0.0010        0.0124       0.005167       0.00000
   1    1000.0        0.0071        0.0116        0.0007        0.0123       0.005162       0.00000
   0    1025.0        0.0070        0.0115        0.0006        0.0122       0.005158       0.00000



 Wavenumbers:   820. -  2600. cm-1, ATM      1
 LEVEL PRESSURE   UPWARD FLUX   DIFDOWN FLUX  DIRDOWN FLUX  DOWNWARD FLUX   NET FLUX    HEATING RATE
          mb          W/m2          W/m2          W/m2        W/m2          W/m2       degree/day
  37     1.000        0.4665        0.0000        2.9581        2.9581       2.491607       0.00000
  36     2.000        0.4665        0.0000        2.8635        2.8635       2.396972       0.79864
  35     3.000        0.4666        0.0000        2.8153        2.8153       2.348759       0.40687
  34     5.000        0.4666        0.0000        2.7762        2.7762       2.309636       0.16509
  33     7.000        0.4666        0.0000        2.7503        2.7503       2.283759       0.10919
  32     10.00        0.4666        0.0000        2.7221        2.7221       2.255511       0.07946
  31     20.00        0.4666        0.0000        2.6633        2.6633       2.196683       0.04965
  30     30.00        0.4667        0.0000        2.6151        2.6151       2.148382       0.04076
  29     50.00        0.4668        0.0000        2.5305        2.5305       2.063661       0.03575
  28     70.00        0.4669        0.0000        2.4617        2.4617       1.994746       0.02908
  27     100.0        0.4671        0.0000        2.3834        2.3834       1.916328       0.02206
  26     125.0        0.4673        0.0000        2.3329        2.3330       1.865682       0.01710
  25     150.0        0.4674        0.0000        2.2919        2.2920       1.824540       0.01389
  24     175.0        0.4676        0.0001        2.2601        2.2602       1.792604       0.01078
  23     200.0        0.4677        0.0001        2.2328        2.2328       1.765104       0.00928
  22     225.0        0.4679        0.0001        2.1935        2.1935       1.725594       0.01334
  21     250.0        0.4683        0.0001        2.1395        2.1395       1.671281       0.01833
  20     300.0        0.4689        0.0001        2.0366        2.0367       1.567819       0.01746
  19     350.0        0.4697        0.0001        1.9141        1.9142       1.444510       0.02081
  18     400.0        0.4704        0.0001        1.8196        1.8197       1.349367       0.01606
  17     450.0        0.4711        0.0001        1.7327        1.7328       1.261708       0.01480
  16     500.0        0.4723        0.0001        1.6104        1.6105       1.138194       0.02085
  15     550.0        0.4754        0.0001        1.4777        1.4778       1.002302       0.02294
  14     600.0        0.4805        0.0001        1.3738        1.3739       0.893351       0.01839
  13     650.0        0.4848        0.0001        1.3059        1.3060       0.821202       0.01218
  12     700.0        0.4873        0.0001        1.2701        1.2702       0.782833       0.00648
  11     750.0        0.4893        0.0001        1.2456        1.2457       0.756441       0.00445
  10     775.0        0.4902        0.0001        1.2354        1.2355       0.745277       0.00377
   9     800.0        0.4911        0.0001        1.2257        1.2258       0.734703       0.00357
   8     825.0        0.4922        0.0001        1.2136        1.2137       0.721517       0.00445
   7     850.0        0.4936        0.0001        1.2005        1.2006       0.706964       0.00491
   6     875.0        0.4950        0.0001        1.1880        1.1881       0.693132       0.00467
   5     900.0        0.4965        0.0001        1.1757        1.1758       0.679393       0.00464
   4     925.0        0.4981        0.0001        1.1627        1.1628       0.664680       0.00497
   3     950.0        0.5003        0.0001        1.1470        1.1472       0.646870       0.00601
   2     975.0        0.5033        0.0001        1.1277        1.1278       0.624520       0.00754
   1    1000.0        0.5242        0.1632        0.8009        0.9641       0.439855       0.06234
   0    1025.0        0.5335        0.1571        0.7691        0.9263       0.392742       0.01590

  Modules and versions used in this calculation:

       rrtmg_sw.1col.f90:  $Revision$                    rrtmg_sw_init.f90:  $Revision$        
     rrtmgsw_cldprop.f90:  NOT USED                    rrtmgsw_cldprmc.f90:  $Revision$        
     rrtmg_sw_reftra.f90:  $Revision$                  rrtmg_sw_spcvrt.f90:  NOT USED          
     rrtmg_sw_spcvmc.f90:  NOT USED                    rrtmgsw_setcoef.f90:  NOT USED          
     rrtmg_sw_taumol.f90:  $Revision$                  rrtmg_sw_vrtqdr.f90:  NOT USED          
                rrtatm.f:  NOT USED                             util_xxx.f:  NOT USED          
                 extra.f:  NOT USED                       rrtmg_sw_k_g.f90:  $Revision$        

