    2    1    1
    1   1.00000   3.42205   1.00000  50.76537   5.00000
    2   1.00000   6.19516   0.26373  49.43930   8.80925
   19   1.00000   0.07533   1.00000  33.84596   5.00000
   20   1.00000   0.04418   1.00000  30.34939   5.00000
   21   1.00000   0.05548   1.00000  30.61904   5.00000
   22   1.00000   0.20211   1.00000  33.83819   5.00000
   23   1.00000   0.80763   1.00000  37.96277   5.00000
   24   1.00000   0.80811   1.00000  38.48675   5.00000
   25   1.00000   0.38857   1.00000  35.30100   5.00000
   31   1.00000   0.15320   1.00000  28.22870   5.00000
   32   1.00000   0.23077   1.00000  28.38823   5.00000
%