$ RRTM_LW runscript created on 2021-07-18 14:20:20.373364                       
                   0                             1                   0              0   99 0 12
   273.330 2  00.9900.9900.9900.9900.9900.9800.9800.9800.9900.9900.9900.9900.9900.9900.9900.990
    0        74         0    7    1    1     0.000
     0.000    50.070
     0.000     0.170     0.310     0.560     0.810     1.050     1.300     1.550
     1.800     2.050     2.300     2.550     2.800     3.050     3.300     3.550
     3.800     4.050     4.300     4.550     4.800     5.050     5.290     5.540
     5.790     6.040     6.290     6.540     6.790     7.040     7.290     7.540
     7.790     8.040     8.290     8.540     8.790     9.040     9.290     9.540
     9.780    10.030    10.280    10.530    10.780    11.030    11.280    11.530
    11.780    12.030    12.280    12.530    12.780    12.790    12.820    12.860
    12.890    12.920    12.950    12.980    13.010    13.530    14.760    16.260
    18.670    20.940    24.400    27.160    31.980    34.540    37.020    40.970
    44.280    50.070
   74                        
 0.000E+00 1.014E+03   273.330     AA   HAAA4A4
 8.865E+01 4.100E+02 9.118E-03 3.100E-01 0.000E+00 1.700E+00 0.000E+00
 1.700E-01 9.937E+02   270.959     AA   HAAA4A4
 9.342E+01 4.100E+02 8.682E-03 3.100E-01 0.000E+00 1.700E+00 0.000E+00
 3.100E-01 9.762E+02   269.748     AA   HAAA4A4
 9.750E+01 4.100E+02 8.323E-03 3.100E-01 0.000E+00 1.700E+00 0.000E+00
 5.600E-01 9.458E+02   269.112     AA   HAAA4A4
 8.222E+01 4.100E+02 4.163E-02 3.100E-01 0.000E+00 1.700E+00 0.000E+00
 8.100E-01 9.164E+02   268.068     AA   HAAA4A4
 7.264E+01 4.100E+02 4.931E-02 3.100E-01 0.000E+00 1.700E+00 0.000E+00
 1.050E+00 8.877E+02   267.449     AA   HAAA4A4
 5.628E+01 4.100E+02 4.969E-02 3.100E-01 0.000E+00 1.700E+00 0.000E+00
 1.300E+00 8.599E+02   267.054     AA   HAAA4A4
 4.015E+01 4.100E+02 5.094E-02 3.100E-01 0.000E+00 1.700E+00 0.000E+00
 1.550E+00 8.328E+02   265.391     AA   HAAA4A4
 3.603E+01 4.100E+02 5.274E-02 3.100E-01 0.000E+00 1.700E+00 0.000E+00
 1.800E+00 8.064E+02   263.780     AA   HAAA4A4
 3.588E+01 4.100E+02 5.375E-02 3.100E-01 0.000E+00 1.700E+00 0.000E+00
 2.050E+00 7.808E+02   262.731     AA   HAAA4A4
 3.637E+01 4.100E+02 5.352E-02 3.100E-01 0.000E+00 1.700E+00 0.000E+00
 2.300E+00 7.558E+02   261.796     AA   HAAA4A4
 3.627E+01 4.100E+02 5.277E-02 3.100E-01 0.000E+00 1.700E+00 0.000E+00
 2.550E+00 7.319E+02   260.709     AA   HAAA4A4
 4.957E+01 4.100E+02 5.244E-02 3.100E-01 0.000E+00 1.700E+00 0.000E+00
 2.800E+00 7.082E+02   259.577     AA   HAAA4A4
 6.707E+01 4.100E+02 5.266E-02 3.100E-01 0.000E+00 1.700E+00 0.000E+00
 3.050E+00 6.854E+02   258.463     AA   HAAA4A4
 7.374E+01 4.100E+02 5.340E-02 3.099E-01 0.000E+00 1.700E+00 0.000E+00
 3.300E+00 6.631E+02   257.359     AA   HAAA4A4
 7.475E+01 4.100E+02 5.595E-02 3.094E-01 0.000E+00 1.699E+00 0.000E+00
 3.550E+00 6.415E+02   256.198     AA   HAAA4A4
 7.573E+01 4.100E+02 5.854E-02 3.088E-01 0.000E+00 1.698E+00 0.000E+00
 3.800E+00 6.206E+02   254.954     AA   HAAA4A4
 7.667E+01 4.100E+02 6.172E-02 3.083E-01 0.000E+00 1.698E+00 0.000E+00
 4.050E+00 5.998E+02   253.710     AA   HAAA4A4
 7.759E+01 4.100E+02 6.503E-02 3.076E-01 0.000E+00 1.697E+00 0.000E+00
 4.300E+00 5.804E+02   252.457     AA   HAAA4A4
 7.654E+01 4.100E+02 6.751E-02 3.063E-01 0.000E+00 1.694E+00 0.000E+00
 4.550E+00 5.609E+02   251.203     AA   HAAA4A4
 7.549E+01 4.100E+02 6.887E-02 3.049E-01 0.000E+00 1.692E+00 0.000E+00
 4.800E+00 5.422E+02   249.909     AA   HAAA4A4
 7.832E+01 4.100E+02 7.033E-02 3.035E-01 0.000E+00 1.689E+00 0.000E+00
 5.050E+00 5.242E+02   248.561     AA   HAAA4A4
 8.617E+01 4.100E+02 7.200E-02 3.018E-01 0.000E+00 1.686E+00 0.000E+00
 5.290E+00 5.062E+02   247.214     AA   HAAA4A4
 9.401E+01 4.100E+02 7.380E-02 2.990E-01 0.000E+00 1.683E+00 0.000E+00
 5.540E+00 4.892E+02   245.642     AA   HAAA4A4
 9.218E+01 4.100E+02 7.579E-02 2.960E-01 0.000E+00 1.679E+00 0.000E+00
 5.790E+00 4.727E+02   243.950     AA   HAAA4A4
 8.517E+01 4.100E+02 7.838E-02 2.931E-01 0.000E+00 1.675E+00 0.000E+00
 6.040E+00 4.561E+02   242.258     AA   HAAA4A4
 7.816E+01 4.100E+02 8.116E-02 2.904E-01 0.000E+00 1.671E+00 0.000E+00
 6.290E+00 4.404E+02   240.461     AA   HAAA4A4
 6.866E+01 4.100E+02 8.405E-02 2.882E-01 0.000E+00 1.665E+00 0.000E+00
 6.540E+00 4.253E+02   238.604     AA   HAAA4A4
 5.768E+01 4.100E+02 8.719E-02 2.861E-01 0.000E+00 1.660E+00 0.000E+00
 6.790E+00 4.101E+02   236.746     AA   HAAA4A4
 4.671E+01 4.100E+02 9.053E-02 2.840E-01 0.000E+00 1.654E+00 0.000E+00
 7.040E+00 3.954E+02   234.901     AA   HAAA4A4
 4.432E+01 4.100E+02 9.388E-02 2.820E-01 0.000E+00 1.648E+00 0.000E+00
 7.290E+00 3.817E+02   233.081     AA   HAAA4A4
 5.900E+01 4.100E+02 9.667E-02 2.804E-01 0.000E+00 1.643E+00 0.000E+00
 7.540E+00 3.679E+02   231.260     AA   HAAA4A4
 7.368E+01 4.100E+02 9.919E-02 2.788E-01 0.000E+00 1.638E+00 0.000E+00
 7.790E+00 3.542E+02   229.440     AA   HAAA4A4
 8.836E+01 4.100E+02 1.016E-01 2.772E-01 0.000E+00 1.633E+00 0.000E+00
 8.040E+00 3.415E+02   227.854     AA   HAAA4A4
 8.985E+01 4.100E+02 1.051E-01 2.757E-01 0.000E+00 1.628E+00 0.000E+00
 8.290E+00 3.292E+02   226.372     AA   HAAA4A4
 8.553E+01 4.100E+02 1.141E-01 2.743E-01 0.000E+00 1.625E+00 0.000E+00
 8.540E+00 3.170E+02   224.889     AA   HAAA4A4
 8.120E+01 4.100E+02 1.240E-01 2.729E-01 0.000E+00 1.621E+00 0.000E+00
 8.790E+00 3.047E+02   223.407     AA   HAAA4A4
 7.687E+01 4.100E+02 1.345E-01 2.715E-01 0.000E+00 1.618E+00 0.000E+00
 9.040E+00 2.936E+02   223.596     AA   HAAA4A4
 6.637E+01 4.100E+02 1.531E-01 2.701E-01 0.000E+00 1.612E+00 0.000E+00
 9.290E+00 2.832E+02   224.825     AA   HAAA4A4
 5.204E+01 4.100E+02 1.819E-01 2.688E-01 0.000E+00 1.605E+00 0.000E+00
 9.540E+00 2.728E+02   226.054     AA   HAAA4A4
 3.771E+01 4.100E+02 2.284E-01 2.675E-01 0.000E+00 1.596E+00 0.000E+00
 9.780E+00 2.624E+02   227.283     AA   HAAA4A4
 2.337E+01 4.100E+02 2.730E-01 2.662E-01 0.000E+00 1.587E+00 0.000E+00
 1.003E+01 2.520E+02   228.512     AA   HAAA4A4
 9.038E+00 4.100E+02 3.193E-01 2.649E-01 0.000E+00 1.578E+00 0.000E+00
 1.028E+01 2.429E+02   229.212     AA   HAAA4A4
 4.976E+00 4.100E+02 3.645E-01 2.637E-01 0.000E+00 1.569E+00 0.000E+00
 1.053E+01 2.341E+02   229.782     AA   HAAA4A4
 3.421E+00 4.100E+02 4.092E-01 2.624E-01 0.000E+00 1.559E+00 0.000E+00
 1.078E+01 2.253E+02   230.353     AA   HAAA4A4
 1.865E+00 4.100E+02 4.504E-01 2.611E-01 0.000E+00 1.550E+00 0.000E+00
 1.103E+01 2.175E+02   230.568     AA   HAAA4A4
 1.576E+00 4.100E+02 4.882E-01 2.598E-01 0.000E+00 1.541E+00 0.000E+00
 1.128E+01 2.096E+02   230.770     AA   HAAA4A4
 1.335E+00 4.100E+02 5.007E-01 2.586E-01 0.000E+00 1.532E+00 0.000E+00
 1.153E+01 2.018E+02   230.972     AA   HAAA4A4
 1.094E+00 4.100E+02 5.142E-01 2.573E-01 0.000E+00 1.523E+00 0.000E+00
 1.178E+01 1.947E+02   230.991     AA   HAAA4A4
 9.912E-01 4.100E+02 5.346E-01 2.560E-01 0.000E+00 1.514E+00 0.000E+00
 1.203E+01 1.878E+02   230.957     AA   HAAA4A4
 9.295E-01 4.100E+02 5.558E-01 2.547E-01 0.000E+00 1.505E+00 0.000E+00
 1.228E+01 1.808E+02   230.922     AA   HAAA4A4
 8.679E-01 4.100E+02 5.829E-01 2.534E-01 0.000E+00 1.496E+00 0.000E+00
 1.253E+01 1.741E+02   230.861     AA   HAAA4A4
 8.126E-01 4.100E+02 6.094E-01 2.520E-01 0.000E+00 1.487E+00 0.000E+00
 1.278E+01 1.681E+02   230.659     AA   HAAA4A4
 7.924E-01 4.100E+02 6.311E-01 2.506E-01 0.000E+00 1.479E+00 0.000E+00
 1.279E+01 1.677E+02   230.647     AA   HAAA4A4
 7.911E-01 4.100E+02 6.320E-01 2.506E-01 0.000E+00 1.478E+00 0.000E+00
 1.282E+01 1.670E+02   230.621     AA   HAAA4A4
 7.886E-01 4.100E+02 6.346E-01 2.504E-01 0.000E+00 1.477E+00 0.000E+00
 1.286E+01 1.662E+02   230.596     AA   HAAA4A4
 7.861E-01 4.100E+02 6.381E-01 2.502E-01 0.000E+00 1.476E+00 0.000E+00
 1.289E+01 1.655E+02   230.571     AA   HAAA4A4
 7.835E-01 4.100E+02 6.407E-01 2.500E-01 0.000E+00 1.475E+00 0.000E+00
 1.292E+01 1.647E+02   230.546     AA   HAAA4A4
 7.810E-01 4.100E+02 6.433E-01 2.498E-01 0.000E+00 1.474E+00 0.000E+00
 1.295E+01 1.640E+02   230.521     AA   HAAA4A4
 7.785E-01 4.100E+02 6.459E-01 2.497E-01 0.000E+00 1.473E+00 0.000E+00
 1.298E+01 1.632E+02   230.495     AA   HAAA4A4
 7.759E-01 4.100E+02 6.485E-01 2.495E-01 0.000E+00 1.472E+00 0.000E+00
 1.301E+01 1.625E+02   230.470     AA   HAAA4A4
 7.734E-01 4.100E+02 6.511E-01 2.493E-01 0.000E+00 1.471E+00 0.000E+00
 1.353E+01 1.500E+02   230.050     AA   HAAA4A4
 7.313E-01 4.100E+02 6.945E-01 2.462E-01 0.000E+00 1.451E+00 0.000E+00
 1.476E+01 1.250E+02   230.054     AA   HAAA4A4
 5.857E-01 4.100E+02 8.242E-01 2.374E-01 0.000E+00 1.400E+00 0.000E+00
 1.626E+01 1.000E+02   230.083     AA   HAAA4A4
 4.731E-01 4.100E+02 1.253E+00 2.221E-01 0.000E+00 1.322E+00 0.000E+00
 1.867E+01 7.000E+01   230.973     AA   HAAA4A4
 3.017E-01 4.100E+02 2.031E+00 1.878E-01 0.000E+00 1.177E+00 0.000E+00
 2.094E+01 5.000E+01   230.937     AA   HAAA4A4
 2.383E-01 4.100E+02 2.649E+00 1.437E-01 0.000E+00 1.011E+00 0.000E+00
 2.440E+01 3.000E+01   230.675     AA   HAAA4A4
 1.585E-01 4.100E+02 3.267E+00 9.602E-02 0.000E+00 7.866E-01 0.000E+00
 2.716E+01 2.000E+01   234.207     AA   HAAA4A4
 6.933E-02 4.100E+02 3.837E+00 7.551E-02 0.000E+00 7.030E-01 0.000E+00
 3.198E+01 1.000E+01   242.624     AA   HAAA4A4
 1.534E-02 4.100E+02 4.868E+00 4.819E-02 0.000E+00 6.032E-01 0.000E+00
 3.454E+01 7.000E+00   248.850     AA   HAAA4A4
 5.954E-03 4.100E+02 5.415E+00 3.368E-02 0.000E+00 5.502E-01 0.000E+00
 3.702E+01 5.000E+00   254.991     AA   HAAA4A4
 1.259E-03 4.100E+02 5.946E+00 1.962E-02 0.000E+00 4.989E-01 0.000E+00
 4.097E+01 3.000E+00   273.458     AA   HAAA4A4
 1.259E-03 4.100E+02 6.791E+00 0.000E+00 0.000E+00 4.171E-01 0.000E+00
 4.428E+01 2.000E+00   282.887     AA   HAAA4A4
 1.259E-03 4.100E+02 7.499E+00 0.000E+00 0.000E+00 3.486E-01 0.000E+00
 5.007E+01 1.000E+00   282.613     AA   HAAA4A4
 0.000E+00 4.100E+02 8.737E+00 0.000E+00 0.000E+00 2.288E-01 0.000E+00
