$ RRTM_LW runscript created on 2021-07-13 10:55:57.734332                       
                   0                             1                   0              0    3 0 10
   273.287 1  00.990
    0        69         0    7    1    1     0.000                       400.000
     0.018    30.000
     0.018     0.060     0.100     0.150     0.200     0.250     0.300     0.350
     0.360     0.370     0.380     0.390     0.400     0.450     0.500     0.520
     0.570     0.620     0.720     0.780     0.810     0.860     0.920     1.100
     1.250     1.400     1.600     1.800     2.000     2.200     2.400     2.600
     2.800     3.000     3.200     3.600     3.800     4.000     4.200     4.400
     4.700     5.000     5.300     5.600     5.900     6.200     6.500     6.800
     7.100     7.400     7.700     8.000     8.400     8.800     9.200     9.600
    10.000    10.500    11.000    11.500    12.000    12.500    13.000    14.000
    15.000    18.000    20.000    25.000    30.000
   69                        
 1.800E-02 1.007E+03   273.287     AA   H444444
 8.078E+01 0.000E+00 0.000E+00 0.000E+00 0.000E+00 0.000E+00 0.000E+00
 6.000E-02 1.001E+03   272.806     AA   H444444
 8.176E+01 0.000E+00 0.000E+00 0.000E+00 0.000E+00 0.000E+00 0.000E+00
 1.000E-01 9.964E+02   272.415     AA   H444444
 8.318E+01 0.000E+00 0.000E+00 0.000E+00 0.000E+00 0.000E+00 0.000E+00
 1.500E-01 9.902E+02   271.932     AA   H444444
 8.487E+01 0.000E+00 0.000E+00 0.000E+00 0.000E+00 0.000E+00 0.000E+00
 2.000E-01 9.840E+02   271.433     AA   H444444
 8.699E+01 0.000E+00 0.000E+00 0.000E+00 0.000E+00 0.000E+00 0.000E+00
 2.500E-01 9.778E+02   270.937     AA   H444444
 8.959E+01 0.000E+00 0.000E+00 0.000E+00 0.000E+00 0.000E+00 0.000E+00
 3.000E-01 9.717E+02   270.459     AA   H444444
 9.210E+01 0.000E+00 0.000E+00 0.000E+00 0.000E+00 0.000E+00 0.000E+00
 3.500E-01 9.655E+02   270.013     AA   H444444
 9.435E+01 0.000E+00 0.000E+00 0.000E+00 0.000E+00 0.000E+00 0.000E+00
 3.600E-01 9.643E+02   269.926     AA   H444444
 9.477E+01 0.000E+00 0.000E+00 0.000E+00 0.000E+00 0.000E+00 0.000E+00
 3.700E-01 9.631E+02   269.839     AA   H444444
 9.516E+01 0.000E+00 0.000E+00 0.000E+00 0.000E+00 0.000E+00 0.000E+00
 3.800E-01 9.619E+02   269.757     AA   H444444
 9.548E+01 0.000E+00 0.000E+00 0.000E+00 0.000E+00 0.000E+00 0.000E+00
 3.900E-01 9.607E+02   269.675     AA   H444444
 9.579E+01 0.000E+00 0.000E+00 0.000E+00 0.000E+00 0.000E+00 0.000E+00
 4.000E-01 9.594E+02   269.593     AA   H444444
 9.611E+01 0.000E+00 0.000E+00 0.000E+00 0.000E+00 0.000E+00 0.000E+00
 4.500E-01 9.534E+02   269.180     AA   H444444
 9.714E+01 0.000E+00 0.000E+00 0.000E+00 0.000E+00 0.000E+00 0.000E+00
 5.000E-01 9.473E+02   268.778     AA   H444444
 9.749E+01 0.000E+00 0.000E+00 0.000E+00 0.000E+00 0.000E+00 0.000E+00
 5.200E-01 9.449E+02   268.622     AA   H444444
 9.749E+01 0.000E+00 0.000E+00 0.000E+00 0.000E+00 0.000E+00 0.000E+00
 5.700E-01 9.389E+02   268.248     AA   H444444
 9.732E+01 0.000E+00 0.000E+00 0.000E+00 0.000E+00 0.000E+00 0.000E+00
 6.200E-01 9.330E+02   267.892     AA   H444444
 9.700E+01 0.000E+00 0.000E+00 0.000E+00 0.000E+00 0.000E+00 0.000E+00
 7.200E-01 9.211E+02   267.358     AA   H444444
 9.537E+01 0.000E+00 0.000E+00 0.000E+00 0.000E+00 0.000E+00 0.000E+00
 7.800E-01 9.141E+02   267.516     AA   H444444
 9.045E+01 0.000E+00 0.000E+00 0.000E+00 0.000E+00 0.000E+00 0.000E+00
 8.100E-01 9.106E+02   267.886     AA   H444444
 8.530E+01 0.000E+00 0.000E+00 0.000E+00 0.000E+00 0.000E+00 0.000E+00
 8.600E-01 9.048E+02   268.400     AA   H444444
 7.926E+01 0.000E+00 0.000E+00 0.000E+00 0.000E+00 0.000E+00 0.000E+00
 9.200E-01 8.979E+02   268.800     AA   H444444
 7.740E+01 0.000E+00 0.000E+00 0.000E+00 0.000E+00 0.000E+00 0.000E+00
 1.100E+00 8.776E+02   269.158     AA   H444444
 7.248E+01 0.000E+00 0.000E+00 0.000E+00 0.000E+00 0.000E+00 0.000E+00
 1.250E+00 8.610E+02   268.709     AA   H444444
 7.201E+01 0.000E+00 0.000E+00 0.000E+00 0.000E+00 0.000E+00 0.000E+00
 1.400E+00 8.447E+02   267.624     AA   H444444
 7.530E+01 0.000E+00 0.000E+00 0.000E+00 0.000E+00 0.000E+00 0.000E+00
 1.600E+00 8.234E+02   266.370     AA   H444444
 7.840E+01 0.000E+00 0.000E+00 0.000E+00 0.000E+00 0.000E+00 0.000E+00
 1.800E+00 8.025E+02   265.510     AA   H444444
 7.543E+01 0.000E+00 0.000E+00 0.000E+00 0.000E+00 0.000E+00 0.000E+00
 2.000E+00 7.821E+02   265.002     AA   H444444
 7.343E+01 0.000E+00 0.000E+00 0.000E+00 0.000E+00 0.000E+00 0.000E+00
 2.200E+00 7.622E+02   264.840     AA   H444444
 7.306E+01 0.000E+00 0.000E+00 0.000E+00 0.000E+00 0.000E+00 0.000E+00
 2.400E+00 7.427E+02   264.420     AA   H444444
 7.007E+01 0.000E+00 0.000E+00 0.000E+00 0.000E+00 0.000E+00 0.000E+00
 2.600E+00 7.238E+02   264.000     AA   H444444
 6.147E+01 0.000E+00 0.000E+00 0.000E+00 0.000E+00 0.000E+00 0.000E+00
 2.800E+00 7.053E+02   263.577     AA   H444444
 5.528E+01 0.000E+00 0.000E+00 0.000E+00 0.000E+00 0.000E+00 0.000E+00
 3.000E+00 6.872E+02   263.037     AA   H444444
 5.566E+01 0.000E+00 0.000E+00 0.000E+00 0.000E+00 0.000E+00 0.000E+00
 3.200E+00 6.695E+02   262.302     AA   H444444
 5.622E+01 0.000E+00 0.000E+00 0.000E+00 0.000E+00 0.000E+00 0.000E+00
 3.600E+00 6.354E+02   260.414     AA   H444444
 4.764E+01 0.000E+00 0.000E+00 0.000E+00 0.000E+00 0.000E+00 0.000E+00
 3.800E+00 6.189E+02   259.380     AA   H444444
 4.430E+01 0.000E+00 0.000E+00 0.000E+00 0.000E+00 0.000E+00 0.000E+00
 4.000E+00 6.028E+02   258.312     AA   H444444
 4.317E+01 0.000E+00 0.000E+00 0.000E+00 0.000E+00 0.000E+00 0.000E+00
 4.200E+00 5.870E+02   257.225     AA   H444444
 4.358E+01 0.000E+00 0.000E+00 0.000E+00 0.000E+00 0.000E+00 0.000E+00
 4.400E+00 5.716E+02   256.147     AA   H444444
 3.660E+01 0.000E+00 0.000E+00 0.000E+00 0.000E+00 0.000E+00 0.000E+00
 4.700E+00 5.491E+02   254.378     AA   H444444
 3.311E+01 0.000E+00 0.000E+00 0.000E+00 0.000E+00 0.000E+00 0.000E+00
 5.000E+00 5.273E+02   252.302     AA   H444444
 4.923E+01 0.000E+00 0.000E+00 0.000E+00 0.000E+00 0.000E+00 0.000E+00
 5.300E+00 5.062E+02   250.062     AA   H444444
 7.563E+01 0.000E+00 0.000E+00 0.000E+00 0.000E+00 0.000E+00 0.000E+00
 5.600E+00 4.858E+02   247.866     AA   H444444
 7.886E+01 0.000E+00 0.000E+00 0.000E+00 0.000E+00 0.000E+00 0.000E+00
 5.900E+00 4.660E+02   245.875     AA   H444444
 5.680E+01 0.000E+00 0.000E+00 0.000E+00 0.000E+00 0.000E+00 0.000E+00
 6.200E+00 4.469E+02   243.837     AA   H444444
 4.681E+01 0.000E+00 0.000E+00 0.000E+00 0.000E+00 0.000E+00 0.000E+00
 6.500E+00 4.284E+02   241.634     AA   H444444
 5.676E+01 0.000E+00 0.000E+00 0.000E+00 0.000E+00 0.000E+00 0.000E+00
 6.800E+00 4.106E+02   239.357     AA   H444444
 6.714E+01 0.000E+00 0.000E+00 0.000E+00 0.000E+00 0.000E+00 0.000E+00
 7.100E+00 3.933E+02   237.140     AA   H444444
 6.734E+01 0.000E+00 0.000E+00 0.000E+00 0.000E+00 0.000E+00 0.000E+00
 7.400E+00 3.766E+02   234.956     AA   H444444
 5.920E+01 0.000E+00 0.000E+00 0.000E+00 0.000E+00 0.000E+00 0.000E+00
 7.700E+00 3.604E+02   232.689     AA   H444444
 5.253E+01 0.000E+00 0.000E+00 0.000E+00 0.000E+00 0.000E+00 0.000E+00
 8.000E+00 3.448E+02   230.320     AA   H444444
 4.910E+01 0.000E+00 0.000E+00 0.000E+00 0.000E+00 0.000E+00 0.000E+00
 8.400E+00 3.248E+02   227.039     AA   H444444
 4.878E+01 0.000E+00 0.000E+00 0.000E+00 0.000E+00 0.000E+00 0.000E+00
 8.800E+00 3.057E+02   223.985     AA   H444444
 4.710E+01 0.000E+00 0.000E+00 0.000E+00 0.000E+00 0.000E+00 0.000E+00
 9.200E+00 2.876E+02   222.166     AA   H444444
 3.796E+01 0.000E+00 0.000E+00 0.000E+00 0.000E+00 0.000E+00 0.000E+00
 9.600E+00 2.704E+02   222.649     AA   H444444
 2.087E+01 0.000E+00 0.000E+00 0.000E+00 0.000E+00 0.000E+00 0.000E+00
 1.000E+01 2.545E+02   225.081     AA   H444444
 1.029E+01 0.000E+00 0.000E+00 0.000E+00 0.000E+00 0.000E+00 0.000E+00
 1.050E+01 2.359E+02   227.590     AA   H444444
 3.731E+00 0.000E+00 0.000E+00 0.000E+00 0.000E+00 0.000E+00 0.000E+00
 1.100E+01 2.190E+02   228.910     AA   H444444
 1.705E+00 0.000E+00 0.000E+00 0.000E+00 0.000E+00 0.000E+00 0.000E+00
 1.150E+01 2.033E+02   229.470     AA   H444444
 1.110E+00 0.000E+00 0.000E+00 0.000E+00 0.000E+00 0.000E+00 0.000E+00
 1.200E+01 1.887E+02   229.533     AA   H444444
 8.793E-01 0.000E+00 0.000E+00 0.000E+00 0.000E+00 0.000E+00 0.000E+00
 1.250E+01 1.752E+02   229.341     AA   H444444
 7.327E-01 0.000E+00 0.000E+00 0.000E+00 0.000E+00 0.000E+00 0.000E+00
 1.300E+01 1.626E+02   228.968     AA   H444444
 6.732E-01 0.000E+00 0.000E+00 0.000E+00 0.000E+00 0.000E+00 0.000E+00
 1.400E+01 1.401E+02   228.385     AA   H444444
 5.451E-01 0.000E+00 0.000E+00 0.000E+00 0.000E+00 0.000E+00 0.000E+00
 1.500E+01 1.206E+02   228.297     AA   H444444
 4.572E-01 0.000E+00 0.000E+00 0.000E+00 0.000E+00 0.000E+00 0.000E+00
 1.800E+01 7.804E+01   228.987     AA   H444444
 2.790E-01 0.000E+00 0.000E+00 0.000E+00 0.000E+00 0.000E+00 0.000E+00
 2.000E+01 5.798E+01   229.115     AA   H444444
 2.083E-01 0.000E+00 0.000E+00 0.000E+00 0.000E+00 0.000E+00 0.000E+00
 2.500E+01 2.736E+01   230.410     AA   H444444
 9.472E-02 0.000E+00 0.000E+00 0.000E+00 0.000E+00 0.000E+00 0.000E+00
 3.000E+01 1.321E+01   237.044     AA   H444444
 2.609E-02 0.000E+00 0.000E+00 0.000E+00 0.000E+00 0.000E+00 0.000E+00
