$ RRTM_SW runscript created on 2021-07-13 19:35:46.143985                       
                   0                             1                                1     98   00   00
            222   70.1795    0 1370.0000   0.00000
           1  00.010
    0        69         0    7    1    1     0.000                       400.000     0.000
     0.018    30.000
     0.018     0.060     0.100     0.150     0.200     0.250     0.300     0.350
     0.360     0.370     0.380     0.390     0.400     0.450     0.500     0.520
     0.570     0.620     0.720     0.780     0.810     0.860     0.920     1.100
     1.250     1.400     1.600     1.800     2.000     2.200     2.400     2.600
     2.800     3.000     3.200     3.600     3.800     4.000     4.200     4.400
     4.700     5.000     5.300     5.600     5.900     6.200     6.500     6.800
     7.100     7.400     7.700     8.000     8.400     8.800     9.200     9.600
    10.000    10.500    11.000    11.500    12.000    12.500    13.000    14.000
    15.000    18.000    20.000    25.000    30.000
   69                        
 1.800E-02 1.011E+03   276.004     AA   HA44444
 9.090E+01 4.000E+02 0.000E+00 0.000E+00 0.000E+00 0.000E+00 0.000E+00
 6.000E-02 1.005E+03   275.711     AA   HA44444
 9.195E+01 4.000E+02 0.000E+00 0.000E+00 0.000E+00 0.000E+00 0.000E+00
 1.000E-01 1.000E+03   275.595     AA   HA44444
 9.186E+01 4.000E+02 0.000E+00 0.000E+00 0.000E+00 0.000E+00 0.000E+00
 1.500E-01 9.943E+02   275.597     AA   HA44444
 8.974E+01 4.000E+02 0.000E+00 0.000E+00 0.000E+00 0.000E+00 0.000E+00
 2.000E-01 9.881E+02   275.430     AA   HA44444
 9.045E+01 4.000E+02 0.000E+00 0.000E+00 0.000E+00 0.000E+00 0.000E+00
 2.500E-01 9.820E+02   275.235     AA   HA44444
 9.200E+01 4.000E+02 0.000E+00 0.000E+00 0.000E+00 0.000E+00 0.000E+00
 3.000E-01 9.759E+02   275.001     AA   HA44444
 9.339E+01 4.000E+02 0.000E+00 0.000E+00 0.000E+00 0.000E+00 0.000E+00
 3.500E-01 9.699E+02   274.744     AA   HA44444
 9.460E+01 4.000E+02 0.000E+00 0.000E+00 0.000E+00 0.000E+00 0.000E+00
 3.600E-01 9.687E+02   274.692     AA   HA44444
 9.484E+01 4.000E+02 0.000E+00 0.000E+00 0.000E+00 0.000E+00 0.000E+00
 3.700E-01 9.675E+02   274.639     AA   HA44444
 9.507E+01 4.000E+02 0.000E+00 0.000E+00 0.000E+00 0.000E+00 0.000E+00
 3.800E-01 9.663E+02   274.586     AA   HA44444
 9.528E+01 4.000E+02 0.000E+00 0.000E+00 0.000E+00 0.000E+00 0.000E+00
 3.900E-01 9.651E+02   274.533     AA   HA44444
 9.550E+01 4.000E+02 0.000E+00 0.000E+00 0.000E+00 0.000E+00 0.000E+00
 4.000E-01 9.639E+02   274.480     AA   HA44444
 9.571E+01 4.000E+02 0.000E+00 0.000E+00 0.000E+00 0.000E+00 0.000E+00
 4.500E-01 9.579E+02   274.224     AA   HA44444
 9.656E+01 4.000E+02 0.000E+00 0.000E+00 0.000E+00 0.000E+00 0.000E+00
 5.000E-01 9.520E+02   273.993     AA   HA44444
 9.717E+01 4.000E+02 0.000E+00 0.000E+00 0.000E+00 0.000E+00 0.000E+00
 5.200E-01 9.496E+02   273.911     AA   HA44444
 9.736E+01 4.000E+02 0.000E+00 0.000E+00 0.000E+00 0.000E+00 0.000E+00
 5.700E-01 9.437E+02   273.751     AA   HA44444
 9.751E+01 4.000E+02 0.000E+00 0.000E+00 0.000E+00 0.000E+00 0.000E+00
 6.200E-01 9.378E+02   273.631     AA   HA44444
 9.728E+01 4.000E+02 0.000E+00 0.000E+00 0.000E+00 0.000E+00 0.000E+00
 7.200E-01 9.262E+02   273.516     AA   HA44444
 9.514E+01 4.000E+02 0.000E+00 0.000E+00 0.000E+00 0.000E+00 0.000E+00
 7.800E-01 9.193E+02   273.540     AA   HA44444
 9.298E+01 4.000E+02 0.000E+00 0.000E+00 0.000E+00 0.000E+00 0.000E+00
 8.100E-01 9.158E+02   273.611     AA   HA44444
 9.158E+01 4.000E+02 0.000E+00 0.000E+00 0.000E+00 0.000E+00 0.000E+00
 8.600E-01 9.101E+02   273.725     AA   HA44444
 8.923E+01 4.000E+02 0.000E+00 0.000E+00 0.000E+00 0.000E+00 0.000E+00
 9.200E-01 9.034E+02   273.838     AA   HA44444
 8.634E+01 4.000E+02 0.000E+00 0.000E+00 0.000E+00 0.000E+00 0.000E+00
 1.100E+00 8.833E+02   273.558     AA   HA44444
 7.953E+01 4.000E+02 0.000E+00 0.000E+00 0.000E+00 0.000E+00 0.000E+00
 1.250E+00 8.669E+02   272.721     AA   HA44444
 7.729E+01 4.000E+02 0.000E+00 0.000E+00 0.000E+00 0.000E+00 0.000E+00
 1.400E+00 8.507E+02   271.522     AA   HA44444
 8.016E+01 4.000E+02 0.000E+00 0.000E+00 0.000E+00 0.000E+00 0.000E+00
 1.600E+00 8.295E+02   269.931     AA   HA44444
 8.741E+01 4.000E+02 0.000E+00 0.000E+00 0.000E+00 0.000E+00 0.000E+00
 1.800E+00 8.087E+02   268.530     AA   HA44444
 9.183E+01 4.000E+02 0.000E+00 0.000E+00 0.000E+00 0.000E+00 0.000E+00
 2.000E+00 7.884E+02   267.311     AA   HA44444
 9.057E+01 4.000E+02 0.000E+00 0.000E+00 0.000E+00 0.000E+00 0.000E+00
 2.200E+00 7.685E+02   266.970     AA   HA44444
 7.437E+01 4.000E+02 0.000E+00 0.000E+00 0.000E+00 0.000E+00 0.000E+00
 2.400E+00 7.491E+02   268.330     AA   HA44444
 4.672E+01 4.000E+02 0.000E+00 0.000E+00 0.000E+00 0.000E+00 0.000E+00
 2.600E+00 7.302E+02   268.144     AA   HA44444
 3.400E+01 4.000E+02 0.000E+00 0.000E+00 0.000E+00 0.000E+00 0.000E+00
 2.800E+00 7.118E+02   267.154     AA   HA44444
 3.089E+01 4.000E+02 0.000E+00 0.000E+00 0.000E+00 0.000E+00 0.000E+00
 3.000E+00 6.938E+02   266.264     AA   HA44444
 2.853E+01 4.000E+02 0.000E+00 0.000E+00 0.000E+00 0.000E+00 0.000E+00
 3.200E+00 6.762E+02   265.399     AA   HA44444
 2.752E+01 4.000E+02 0.000E+00 0.000E+00 0.000E+00 0.000E+00 0.000E+00
 3.600E+00 6.421E+02   263.156     AA   HA44444
 3.109E+01 4.000E+02 0.000E+00 0.000E+00 0.000E+00 0.000E+00 0.000E+00
 3.800E+00 6.256E+02   261.793     AA   HA44444
 3.302E+01 4.000E+02 0.000E+00 0.000E+00 0.000E+00 0.000E+00 0.000E+00
 4.000E+00 6.094E+02   260.302     AA   HA44444
 3.577E+01 4.000E+02 0.000E+00 0.000E+00 0.000E+00 0.000E+00 0.000E+00
 4.200E+00 5.936E+02   258.794     AA   HA44444
 4.005E+01 4.000E+02 0.000E+00 0.000E+00 0.000E+00 0.000E+00 0.000E+00
 4.400E+00 5.781E+02   257.378     AA   HA44444
 3.885E+01 4.000E+02 0.000E+00 0.000E+00 0.000E+00 0.000E+00 0.000E+00
 4.700E+00 5.554E+02   255.272     AA   HA44444
 3.622E+01 4.000E+02 0.000E+00 0.000E+00 0.000E+00 0.000E+00 0.000E+00
 5.000E+00 5.335E+02   253.058     AA   HA44444
 3.807E+01 4.000E+02 0.000E+00 0.000E+00 0.000E+00 0.000E+00 0.000E+00
 5.300E+00 5.122E+02   250.757     AA   HA44444
 4.123E+01 4.000E+02 0.000E+00 0.000E+00 0.000E+00 0.000E+00 0.000E+00
 5.600E+00 4.916E+02   248.466     AA   HA44444
 4.195E+01 4.000E+02 0.000E+00 0.000E+00 0.000E+00 0.000E+00 0.000E+00
 5.900E+00 4.716E+02   246.177     AA   HA44444
 4.019E+01 4.000E+02 0.000E+00 0.000E+00 0.000E+00 0.000E+00 0.000E+00
 6.200E+00 4.523E+02   243.807     AA   HA44444
 3.844E+01 4.000E+02 0.000E+00 0.000E+00 0.000E+00 0.000E+00 0.000E+00
 6.500E+00 4.335E+02   241.351     AA   HA44444
 3.691E+01 4.000E+02 0.000E+00 0.000E+00 0.000E+00 0.000E+00 0.000E+00
 6.800E+00 4.154E+02   238.822     AA   HA44444
 3.824E+01 4.000E+02 0.000E+00 0.000E+00 0.000E+00 0.000E+00 0.000E+00
 7.100E+00 3.979E+02   236.249     AA   HA44444
 4.423E+01 4.000E+02 0.000E+00 0.000E+00 0.000E+00 0.000E+00 0.000E+00
 7.400E+00 3.809E+02   233.689     AA   HA44444
 5.471E+01 4.000E+02 0.000E+00 0.000E+00 0.000E+00 0.000E+00 0.000E+00
 7.700E+00 3.645E+02   231.256     AA   HA44444
 5.843E+01 4.000E+02 0.000E+00 0.000E+00 0.000E+00 0.000E+00 0.000E+00
 8.000E+00 3.486E+02   229.069     AA   HA44444
 5.788E+01 4.000E+02 0.000E+00 0.000E+00 0.000E+00 0.000E+00 0.000E+00
 8.400E+00 3.284E+02   226.425     AA   HA44444
 6.303E+01 4.000E+02 0.000E+00 0.000E+00 0.000E+00 0.000E+00 0.000E+00
 8.800E+00 3.090E+02   223.705     AA   HA44444
 5.991E+01 4.000E+02 0.000E+00 0.000E+00 0.000E+00 0.000E+00 0.000E+00
 9.200E+00 2.906E+02   220.727     AA   HA44444
 5.487E+01 4.000E+02 0.000E+00 0.000E+00 0.000E+00 0.000E+00 0.000E+00
 9.600E+00 2.730E+02   218.056     AA   HA44444
 5.512E+01 4.000E+02 0.000E+00 0.000E+00 0.000E+00 0.000E+00 0.000E+00
 1.000E+01 2.565E+02   217.946     AA   HA44444
 4.106E+01 4.000E+02 0.000E+00 0.000E+00 0.000E+00 0.000E+00 0.000E+00
 1.050E+01 2.372E+02   221.859     AA   HA44444
 1.380E+01 4.000E+02 0.000E+00 0.000E+00 0.000E+00 0.000E+00 0.000E+00
 1.100E+01 2.199E+02   226.609     AA   HA44444
 3.270E+00 4.000E+02 0.000E+00 0.000E+00 0.000E+00 0.000E+00 0.000E+00
 1.150E+01 2.040E+02   228.199     AA   HA44444
 1.597E+00 4.000E+02 0.000E+00 0.000E+00 0.000E+00 0.000E+00 0.000E+00
 1.200E+01 1.893E+02   228.506     AA   HA44444
 1.059E+00 4.000E+02 0.000E+00 0.000E+00 0.000E+00 0.000E+00 0.000E+00
 1.250E+01 1.758E+02   228.626     AA   HA44444
 8.201E-01 4.000E+02 0.000E+00 0.000E+00 0.000E+00 0.000E+00 0.000E+00
 1.300E+01 1.631E+02   228.746     AA   HA44444
 7.711E-01 4.000E+02 0.000E+00 0.000E+00 0.000E+00 0.000E+00 0.000E+00
 1.400E+01 1.405E+02   228.594     AA   HA44444
 5.954E-01 4.000E+02 0.000E+00 0.000E+00 0.000E+00 0.000E+00 0.000E+00
 1.500E+01 1.210E+02   228.997     AA   HA44444
 4.911E-01 4.000E+02 0.000E+00 0.000E+00 0.000E+00 0.000E+00 0.000E+00
 1.800E+01 7.838E+01   229.142     AA   HA44444
 2.700E-01 4.000E+02 0.000E+00 0.000E+00 0.000E+00 0.000E+00 0.000E+00
 2.000E+01 5.821E+01   228.779     AA   HA44444
 2.091E-01 4.000E+02 0.000E+00 0.000E+00 0.000E+00 0.000E+00 0.000E+00
 2.500E+01 2.735E+01   227.826     AA   HA44444
 1.259E-01 4.000E+02 0.000E+00 0.000E+00 0.000E+00 0.000E+00 0.000E+00
 3.000E+01 1.310E+01   234.027     AA   HA44444
 3.564E-02 4.000E+02 0.000E+00 0.000E+00 0.000E+00 0.000E+00 0.000E+00
